2 0.5226657922780555
3 0.20239363882285433
4 0.09402410033609312
5 0.055701286990736947
6 0.03639642593655218
7 0.022583818345766046
8 0.014427412082957619
9 0.011148454791376342
10 0.007705549635216001
11 0.00549225346339864
12 0.004590540208213788
13 0.0030740224608574473
14 0.0029510615624231493
15 0.002705139765554554
16 0.002213296171817362
17 0.0018854004426592343
18 0.00213132223952783
19 0.0017624395442249366
20 0.0015165177473563407
21 0.001311582916632511
22 0.001188622018198213
23 0.0007377653906057873
24 0.0006148044921714895
25 0.0007787523567505533
