2 0.2836676217765043
3 0.11556829035339064
4 0.11938872970391595
5 0.08978032473734479
6 0.07163323782234957
7 0.050620821394460364
8 0.03533906399235912
9 0.03151862464183381
10 0.02387774594078319
11 0.021012416427889206
12 0.021967526265520534
13 0.027698185291308502
14 0.022922636103151862
15 0.02005730659025788
16 0.017191977077363897
17 0.009551098376313277
18 0.0066857688634192934
19 0.010506208213944603
20 0.0057306590257879654
21 0.0057306590257879654
22 0.0057306590257879654
23 0.0019102196752626551
24 0.0019102196752626551
25 0.0
