2 0.18039591315453385
3 0.11893358876117496
4 0.08540868454661558
5 0.07982120051085569
6 0.05076628352490421
7 0.05348020434227331
8 0.05747126436781609
9 0.04741379310344827
10 0.048690932311621964
11 0.036558109833971904
12 0.03639846743295019
13 0.02905491698595147
14 0.02681992337164751
15 0.0210727969348659
16 0.019476372924648787
17 0.014208173690932312
18 0.014367816091954023
19 0.015644955300127713
20 0.011334610472541508
21 0.010376756066411238
22 0.011174968071519796
23 0.011174968071519796
24 0.010376756066411238
25 0.009578544061302681
