2 0.5970246001012472
3 0.2653818348922053
4 0.09190339290484437
5 0.030639445717818962
6 0.00981650330734902
7 0.003312019098749727
8 0.001115214552709299
9 0.0004632717069881175
10 0.00015504657935489416
11 9.340155382824949e-05
12 3.922865260786479e-05
13 2.4284403995344868e-05
14 5.6040932296949695e-06
15 9.34015538282495e-06
16 0.0
17 7.472124306259959e-06
18 5.6040932296949695e-06
19 0.0
20 1.8680310765649898e-06
21 1.8680310765649898e-06
22 0.0
23 0.0
24 0.0
25 0.0
