9 285758031.6992785
11 253303119.00392655
41 318623.6521198939
42 7909.596493163874
28 35904.695875031706
29 341326.52404315985
7 11419.046182158127
8 4433.430721802937
32 4276429.141802893
33 1155352.014070566
16 26807.93799481901
17 13442615.793838877
36 6318612.178378852
37 666091.9521595625
4 8110.750700810522
47 4654727.612950966
48 2098981.2732685776
61 1476859.1774540558
38 420938.3033152733
66 8645034.850331109
76 237795.15855986412
70 3379325.717145708
64 450114.25717915426
65 1791804.9312600153
85 162780.01636205998
86 103293.93570577246
91 1506293.064849642
92 1305525.392429082
94 2269862.321615319
97 296510.6224479297
101 647100.0341613642
107 7511921.722978426
108 11184027.678730877
114 332302.18095359596
115 571493.7808806204
116 1546109.2656228435
117 1837894.9182106308
121 17274.64867843105
130 89817.55205857017
127 67644140.29585777
133 124864490.52281198
136 130181720.99431664
141 248455895.92036
142 255746930.6485028
144 230898331.67179415
145 244657060.78478524
166 215046613.45257208
172 296763651.1391544
202 249088908.84111485
205 196601513.4849429
258 209787770.77072206
265 192235752.04167834
268 254171415.7668503
269 194669769.60185984
272 219505404.76486254
276 76942071.2062418
281 346858606.05349827
280 110680100.19304039
285 139652268.19592798
287 487660529.458907
288 121259864.16151705
299 169707981.20305198
301 347609798.37077284
303 245350396.4175355
305 604509949.530062
292 64515802.028416894
291 1554946.385488829
293 47985307.634743005
273 3822415.0901980177
18 4254794.566814617
20 2434943.1026892057
13 1658980.0441817408
10 1
5 5227634.419533148
6 1384258.5635147702
89 4390657.711973244
104 2508250.081414736
105 1347005.7924292919
112 4246669.238102294
113 3716436.6178942667
134 2583417.4102817383
150 1287867.7493970692
218 1365219.2150231828
219 1270116.152493849
216 1912790.2447866541
217 1470260.108144008
226 1004825.9949732104
229 3006530.0462627923
235 258995.03683214897
243 4611544.588024766
249 1898805.2881937632
259 2296571.2446236843
262 2551200.0445788912
298 518943.4933777469
313 1084968.4386476483
316 319029.42581518897
12 884022.5358448821
1 4422.694492031111
2 47090.08337522881
25 363595.6138150249
26 170208.88670584458
55 72.55807985638207
56 8.339950372208435
57 3781.2253815399777
58 4015.162150265833
59 72971.92372267571
60 405895.3274392942
14 3.4119106699751858
15 9.280893300248136
30 464.07942716302847
31 11178.996190602913
51 494308.59853767697
49 193005.4158192643
3 1
43 373.65092351822716
21 517318.49511869595
22 526091.8740130729
27 234896.5776007382
75 327071.7833535903
71 277801.6851828581
63 164631.27988649817
72 218471.82979341623
73 96494.43948200897
78 15439.11985340606
77 92870.47249132153
79 15932.180359299815
82 4363.0298067362355
83 3718.426876205186
80 98255.1769711379
81 87321.93191502696
84 71272.26896883984
87 70.8796679457121
88 6106.593968271513
90 112395.47288897212
98 336659.480235482
99 62623.32334065801
100 117470.25947380539
102 213444.22253236643
103 233612.72997571557
106 2930.1116492851247
111 196.84174870592528
118 81681.70142617062
124 8.836724565756823
125 142603.4628272371
126 303277.4480261111
122 9489.341798009855
131 245938.73997079858
128 49364.14085541531
132 7582.524087757874
135 75.66295992255245
138 8722.407538857477
139 174853.92487321538
149 166577.93915536974
152 241804.64598188532
153 49312.193094068236
155 171629.61734587688
161 146215.38432935392
163 86531.75861679186
167 324049.25926597667
170 154827.07702209923
171 109562.78714089617
174 125342.14318159517
173 203275.84332729928
175 4175.2472492688075
176 625.4822857719917
177 111220.7504440892
178 529.8319364825727
179 7837.074653110723
181 6367.542246692506
184 421610.60212055285
186 567.5138174727058
187 151690.49508217146
191 130933.09100014802
188 69055.77948319308
189 100916.23882145157
195 111494.79223158183
194 110197.79352048138
196 120218.75413583977
197 49597.67486557336
198 132314.63506557723
206 97.18115910324536
209 368.44839697404365
220 11361.38718641944
221 11341.54711236187
222 104146.3596141923
228 11820.054221600298
225 53.2278896165144
232 6.4645161290322575
230 86.97460263663709
241 59.18934536506693
239 100.39382720566724
236 58.003241146704646
237 8424.356071394319
247 6103.566105832235
245 122607.03047960154
261 2711.1735272088968
264 134.01390490286926
266 138.9709678272946
267 22126.603550139178
271 300020.5514765405
277 194.47830784571025
279 62011.33759353961
286 59.50745950898752
302 13416.844684524784
312 6251.996776551799
317 94282.95123366953
318 288359.31612601224
321 201415.4081166876
323 179661.4177002577
74 4815.854264715463
93 59239.86263849245
109 43504.74738970205
159 122485.09951936075
169 8583.777030509691
210 3660.6245883668535
140 46959.0603078647
193 43.751756548494036
290 7.813793103448274
320 27754.74331866605
45 45892.90042087548
53 23199.049566081558
182 63.080160242234555
183 16333.4896953947
201 20818.634087667266
252 43.31366406211608
306 2570.389216658427
180 1099.3631565745047
231 13969.353179520822
246 1.9333333333333333
251 43927.34059522212
300 2.4814814814814814
35 3537.7743739775865
123 2.0769230769230766
147 1922.059735457197
148 3128.9645933950633
151 1876.713004489649
192 22.47033420655712
199 5980.085461166791
207 10553.528520759939
224 194.42991360458717
238 1
244 1891.1539207329172
256 5380.725856731569
263 3431.5451014727773
284 2.0769230769230766
296 5637.222560846892
297 1760.9614396261982
326 9890.453408318614
62 4729.258550337403
110 1
203 518.946072387612
211 88.66388845927263
213 367.2177007001329
215 854.1707855202449
214 495.17266532582556
223 780.5609600739547
227 396.92178395849726
254 284.32119662355746
52 1209.1951876156097
54 2.0
67 133.8951420212565
95 1196.4946099890556
158 995.069204925362
208 47.89074795064667
233 15.904437564499485
248 78.95822499397215
255 64.81485771924967
275 493.2831601127831
294 34.36396447390462
314 339.1695139844151
19 1
185 1
212 69.52728734962825
274 1
309 1
50 1
234 17.38605149662204
250 39.294858656355885
253 5.672108843537415
257 3.3523809523809525
282 9.754301720688275
310 9.849539815926372
311 3.6666666666666665
39 15.228669713499436
40 15.228669713499436
270 127.10734431453741
278 5.199999999999999
23 28.647230822153425
24 33.469212246302035
119 25.64337313872917
120 25.773526954641504
146 21.371192687601358
154 12.928669713499435
162 30.093174111749956
168 34.45055776696643
260 2.6315789473684212
283 14.961177453437514
46 1
44 1
68 16.117647058823533
157 2.5
156 7.757236227824464
164 12.825396825396822
200 6.535014005602242
242 2.166666666666667
295 1
96 5.2436974789915975
34 1
69 1
129 2.0666666666666664
304 1
324 1
143 1
165 2.357142857142857
307 1
204 1
137 1
322 1
160 2.3
327 1
315 1
190 1
319 1
289 1
240 1
308 1
325 1
