2 613475430.5138344
5 3568440313.2537236
1 975460696.9265487
8 203441599.61367851
9 2374457626.8409185
10 8179141.1065058205
3 1544120857.1061978
4 935767247.1453087
16 2122079838.8184986
17 143983791.25522012
20 15584898.820287151
18 6958875526.840034
25 6955433791.400673
23 1382748776.2814693
24 321442862.7632519
31 9204662065.507559
27 652614514.7559755
32 204314546.33511773
33 1123315087.4067287
34 237519900.5017536
40 944736221.7070286
45 3739627639.147122
46 7828622165.957052
43 3245753217.922122
35 184576235.4457993
41 8843148228.214384
36 224895517.4311725
37 114824853.6547795
48 994373628.4570243
54 377870086.46673036
55 1246248235.4056454
50 324306191.6177099
56 1505832139.5358422
57 6659001535.4239025
61 1359067305.319756
59 1051909202.5718052
63 320890509.68378365
68 520318105.7629783
65 2764849985.550476
66 7143523959.371405
70 6743881284.514997
64 76909592.2690859
67 3082202308.6586347
72 2210396477.2978973
71 1959448262.2054496
73 155767497.7119613
75 259629890.0127699
76 1652633324.1369724
80 356364785.37516946
81 1352366228.8446562
78 1740834.1072454369
79 41125614.559271194
87 639677314.3889434
82 81959115.90033093
83 409930386.99612755
84 1145147737.4103236
85 908045928.529865
86 2183140722.114545
89 85003113.69806555
95 772303726.4922144
91 236285932.3220854
92 44693962.62054259
100 858890712.9942479
98 32674287.744852476
99 985338763.6626531
101 2256672307.451056
102 470184770.5570516
103 43269754.97181533
104 116177376.058589
108 1736158892.3652263
111 996328009.4586922
114 579919969.757182
117 49332817.596658595
118 1865968027.9751382
119 3620603188.0732327
120 1610972611.199812
121 59478910.41927861
124 231771316.54811013
125 281039812.38332784
123 266517517.74211675
126 1203037230.06539
129 2460624.5000439156
130 6666.647974766111
127 368678123.5575105
132 446981507.7568845
135 20863.56432420803
133 71408105.9175385
134 132664001.73535961
137 543387112.7987558
136 929946654.6706063
140 263169511.72176102
138 477329030.39412344
141 38354053.04119682
142 994046299.9797975
148 1019556228.527325
147 757351056.5323256
146 50650747.98752255
144 249691154.74427924
145 6392.762251503679
149 703312420.3138673
150 798414327.0851455
153 1370947167.674747
157 1349913502.1903465
158 1950051981.522873
161 779786203.0930102
164 1213183450.733225
166 2935894814.9816794
167 4627510266.575104
163 2776017396.733519
170 2200689795.1360135
173 2889420546.332312
172 152451537.53694907
171 342549359.4383503
174 3142011301.3571663
176 3058953454.7756042
177 1015606694.1998765
179 3401450492.448342
180 328930475.4015416
182 6125048178.999815
184 378722340.95492417
187 15772205.121842915
188 548392661.8095814
186 2952727127.622421
190 3862687281.899583
193 353542116.80007786
191 708935810.763208
192 2583869726.9004006
194 990670839.8546281
195 236619847.37900952
197 660735490.3116882
198 1312197201.5360353
199 1542794415.5780146
200 1599595062.297236
205 191674144.68243808
208 382105723.97501194
207 330440275.46514314
210 58251147.1754702
211 70533645.92157792
214 282261402.7011248
221 854526529.9357042
220 62443616.72967016
222 976856870.7351716
223 100076759.78264233
224 598864450.1148701
227 941846311.8899467
231 479556862.1525414
234 3303502365.5309677
236 145990710.36132622
15 414965436.2892607
13 22450676.08937743
14 31069449.298721068
19 847694668.9458543
128 72131857.57839857
169 2242000.5869994382
175 3824165.7825616333
183 482300972.4263252
240 14271418.228762979
69 178295473.58142918
28 160324.54345498682
42 20611800.59293256
47 2078952.288115905
60 10357698.583180482
62 328619.76910652214
58 29987092.58590373
156 17376370.707586557
181 677045.6185286003
185 10557762.30483717
225 822994.3517248507
232 30896918.31438619
29 21939353.518520296
97 277276.5700678734
112 10261006.906641496
204 2105515.3806060418
209 5423778.682278497
217 9479328.421677528
218 15887.719275142976
30 1329669.2500032773
235 13911.961043448879
38 64685.29332383469
51 5828.306699608582
105 267125.2116344042
106 283549.21703080245
131 12658.418038775706
39 8529.350658846613
52 8875.818732383734
74 17895.87148771251
109 10592.636450925356
107 5973.024814846434
155 13069.323265522724
242 10030.899849232419
201 3456.397001642653
49 6.536733185513673
90 555.4452592949376
159 945.4244878923703
143 123.30975042397206
151 76.83335482512273
160 448.28778615729686
213 106.73291354170809
216 182.82475004300048
154 1933.9806700972592
162 6.703918722786648
202 6.377358490566038
203 3.3962264150943398
212 9.849056603773587
219 7.358490566037736
215 4.962264150943397
226 7.741654571843251
229 4.226415094339623
230 11.646115984097936
53 438.4353076175912
196 2.1538461538461537
94 404.99785483156495
165 101.45872307617847
113 9.69387755102041
206 1
93 18.991817236316177
139 1
178 3.344789356984479
88 1
11 83.54389830445373
6 104.37718143183928
168 2.1951219512195124
26 1
44 2.125
189 4.085284280936454
12 4.615384615384615
7 2.3076923076923075
21 4.769230769230768
22 8.076923076923075
110 3.4615384615384612
115 3.615384615384615
116 2.3076923076923075
122 2.3076923076923075
152 2.3076923076923075
228 3.4615384615384612
233 3.4615384615384612
239 1
241 1
237 1
238 1
77 1
96 1
