1 7.530699005668507e+20
2 5.7613557737478187e+20
3 9.352910569941018e+20
5 1.5923863953463506e+20
48 8.335575082555047e+20
49 8.322881231533324e+20
53 4.2601286448446806e+20
54 3.01933427749378e+20
55 1.962980066961519e+20
56 5.125041569411096e+20
57 1.8460316649948945e+21
58 5.006573199942781e+20
62 1.3365869769593216e+21
69 2.7609154002454852e+20
70 6.422570035785732e+20
83 1.346579854355105e+21
136 8.35351999060787e+20
151 1.7445600459493202e+20
161 5.2470176648951176e+20
179 1.1824712796350343e+20
192 1.5577767899858462e+20
193 8.412595992943745e+19
194 1.3044902281791028e+20
210 1.445217509273368e+21
216 2.2771390415294847e+20
252 1.4534750913422264e+21
281 4.5917813189826144e+20
285 5.893457841923783e+20
288 6.331369869309968e+20
305 4.647388568619502e+20
365 2.8681577738221773e+19
384 2.2670973378164985e+20
387 5.760430520943696e+20
388 1.7212643465699682e+20
408 1.9845653368584966e+19
409 6.1724994133701e+20
469 4.0116768114138336e+20
511 4.010700549979658e+20
736 3.032622832077659e+20
804 5.369383476148399e+20
822 5.901673289581718e+19
828 9.481721975822811e+19
855 8.928116334078657e+20
81 3.2166257466331746e+19
120 2.4676037523928478e+19
130 9.948785633623695e+18
131 1.3679035592818313e+19
159 2.9875787291411476e+19
191 6626041381875.287
271 5.467461962688143e+18
543 1.2306370163043131e+19
681 1.2963039512991644e+19
808 6.474193832558477e+18
286 1.1363032792878248e+19
841 5.0310125300016384e+17
82 1.1945842495449075e+18
106 2.1263944331163436e+18
173 1.9586086068355405e+17
233 2.3211369346543834e+17
562 2.180704942358121e+17
61 2.8609991604502104e+16
85 7889643793680392.0
86 1.0832299992559268e+16
104 1.3254799292955308e+16
105 2.7038070484620996e+16
128 4.23279767754489e+16
137 245148039900955.84
141 6609088330779747.0
165 9638363887524614.0
182 3.986013248035313e+16
209 1.7782973352798406e+16
249 2.2738413612110664e+16
256 7.124676965905796e+16
282 5557893083509707.0
283 6.122588238996842e+16
303 2.0802710111372596e+16
358 6.189578021714251e+16
359 5134680146647977.0
377 3492116042397433.0
378 2.641502001015076e+16
410 2.96211856901464e+16
483 5295483868763120.0
578 248768186163531.66
694 17026601797939.365
15 199169227833893.84
80 925609346498002.1
88 241229229932692.38
113 3180834393461343.0
127 1777838966127436.2
211 637973401584132.2
300 376540709450564.44
347 196881830602673.84
364 276262830382221.12
400 259432250648473.25
509 78338060157374.11
4 3107450838819.5786
12 6653465682624.2
20 5851439248332.02
27 75127399378935.12
40 14430175685266.988
41 7045223997262.33
43 9906250302122.379
45 934124353170.3097
47 4907302719983.004
63 2384462288723.885
79 87387867643.54156
95 9839127313827.61
112 11733755708164.25
114 54002921318210.48
115 13864362874525.082
144 5065473400201.877
146 1434723345939.1914
164 28701712502349.207
168 19110960225656.332
169 11907012307570.602
172 4545772456395.926
183 633455145638.0092
186 120888085402.92506
208 996146222001.3439
245 2247240847550.428
254 4757986930946.777
263 5033909232700.243
269 3689106693648.4272
280 22692049586548.58
290 4251979360466.4746
307 6351222977588.838
318 7405864990341.716
322 32969922138673.22
327 5931273223946.55
329 14501469514059.742
348 1164196338310.8586
354 3358415981565.285
360 15734975425619.445
368 1343273393313.8862
393 7381286505393.989
395 2619408016426.822
396 3486018176599.132
403 39551439667019.6
457 2462831837083.655
461 1428453933796.9246
462 15295987644517.46
482 14915373936828.318
484 539181590464.3119
524 6828090710803.846
537 6121799594270.088
606 183280157468.81308
816 10311051978062.516
889 2254266160081.2256
893 2715121759984.517
928 10056397020468.018
243 9389605028.504503
132 2083377543053.38
402 208248811958.8299
877 3887579.7455668473
22 4591096686268.639
153 451800202845.3563
301 464919279880.0357
349 12453752885.594793
398 57825695100.64102
634 31854939257.252304
852 33348777596.97164
14 401423589.10520244
16 24359566232.20314
26 114823827269.50768
29 315177173796.8322
34 264431512728.46585
39 226976528396.7385
44 845748612.5630939
46 4741090291.205353
50 50035078260.552734
74 50052732222.24463
75 332354400.27930015
87 96479204.96719193
122 15731363243.12059
133 3495826546.6439986
134 12199576382.302952
135 743517687.5229259
138 210756941.6340225
139 597397581.9579942
154 25235078767.195843
163 228651696.52843896
170 1973139398.2063854
171 21790696908.5303
215 393260271.89379925
236 2241013509.496667
251 4229985828.2108054
253 1803183371.4927037
255 584445893.5961392
272 663348119.9145265
304 2068418.3962491115
325 866634926.8061318
326 833830430.0451926
328 9298042537.352455
353 31290412471.469948
366 1381216394.7677608
399 240161400.61468267
404 918381533.7162621
405 610478291.3159244
407 319403484.01278424
413 1269782666.114266
414 116398922862.05664
419 6812255422.612621
420 24673156715.45323
421 163504484.65679464
424 15860965.961767165
425 453493402.9684831
426 56219842703.46325
428 11071788801.652946
433 21034762040.233578
474 350277572.7621999
538 631872011.7752471
167 2347330308.5621543
18 4150337067.727935
19 16443910643.564087
28 23881752037.813694
30 7541756422.34468
35 4696911396.484328
214 12015246449.536211
475 365173556.776063
9 3202879768.8705835
23 113067927.19213676
25 808688761.9531757
32 209633296.31708932
37 278773752.5360042
38 112282438.07824406
92 1272680401.6864772
118 31926979.047418047
142 1170329544.7389235
150 331518940.96172595
160 418970793.40729856
162 1507375733.0245848
207 2722.269452618162
258 231000131.16051075
261 315870908.9266397
356 91025356.00794977
385 297766210.83804184
418 45552195.869328335
466 90701623.8201215
478 253217821.31350103
67 2819923.5584363034
68 187258312.54393655
73 377997293.8816534
221 524711651.5476889
222 558547281.7026514
223 110281917.0924068
226 34289583.54600048
248 18692690.972514722
259 706070.2375340358
260 7934955.509073064
268 258671810.14587608
273 35410485.75855891
297 18565974.489639524
306 93327112.86586662
314 318841.81382408197
315 1218758.3131678477
316 91459389.04680203
331 15097744.394027717
373 143138819.36187693
437 597588854.3676076
438 14425990.260570409
468 113944983.66974244
479 215611995.65253
499 872597.3771063706
500 106998294.0745372
504 3376175.5217437595
540 7378257.087582469
609 2736326.07832074
661 46.38465650895483
824 113647260.96050592
31 76415203.70030184
278 52900219.11730594
302 208623.40293828127
522 3294929.5794191705
595 110023429.89592347
157 4601612.762732328
234 242719415.40466312
518 302447.59952582594
523 6065629.585246014
551 30379792.84511639
842 16240665.315678122
956 2302910.090768496
125 2484.781637247521
140 87477007.58946268
152 130827.56455854843
274 2759311.2912451727
296 237084800.38661727
497 19124489.2481839
6 4365044.757240858
11 3758829.35659187
13 6100829.879939318
17 922161.9466688823
24 13349203.892695863
59 4973276.237687422
60 10683786.612073317
64 446490.7449738423
72 127982.96753301132
84 181559.90634493134
93 18651726.61480769
94 13882362.315767664
102 6675310.399080128
103 6415174.97490279
107 3421676.463654757
166 8948335.788175005
176 615399.5697950288
177 2998607.540280821
180 13259591.025683181
187 323416.5521858407
195 6120981.509829777
196 9074132.568275852
198 9465540.837970993
199 16490621.020189863
200 13073292.166645618
202 3642674.6901951875
205 7862182.463136588
206 7745856.2696671225
213 7149234.427608129
217 1663924.3189289633
218 251863.73322984955
231 7359127.631278051
232 10278547.992184961
264 2229471.8916642372
265 4151929.4714475954
266 3112701.5678624953
275 1743340.470810797
292 899709.1325291872
295 12181711.574193094
309 6549415.129273583
310 5565641.4631207725
319 922.3051897962091
320 111959.785166416
330 24303.728026856705
332 143641.8852707789
334 4304003.491929154
343 4639807.230587032
361 6366694.448304342
363 1129121.2622533473
370 15007231.148325188
374 762054.7961949409
389 201350.91258158028
406 1229752.673953399
416 3748844.8442749847
417 9114063.801744726
436 596702.536265553
440 3037692.023932726
444 971377.6639881352
449 645249.2995818418
489 9780475.49332745
506 200066.58989011784
517 2084344.9536809437
534 283647.02964303864
553 178269.96645554632
559 227204.38316144558
588 705296.9289179001
602 5972545.443773872
746 1210.5626884336589
751 7920853.241682876
812 2493823.973296044
856 4936621.785580562
897 1973854.5360816643
964 1305632.8033620624
123 2509251.938842792
188 56965.07299585252
394 264627.49677120254
451 493373.109252747
910 15.789473684210526
10 1123987.1625975901
33 109181.89446688151
51 131299.77287293537
52 458025.0066588699
78 73345.20383907895
89 45530.45371435768
90 154077.45255359524
91 114085.2580428695
156 617215.1291245731
158 139654.0439022039
178 116052.51895022282
190 855589.2186334841
203 54585.39607754715
204 13930.753236058985
235 130411.49612608663
238 264475.87337093643
241 249649.0733507208
242 208059.60224255317
244 82624.79979620145
250 383329.1977956042
284 116002.1486390286
369 686058.2934293519
382 213981.47917341616
397 1698084.692561292
431 15520.470153502436
441 714.770136666283
443 575814.5618970001
452 41791.3486954814
458 445043.0865649924
470 61714.360298132
471 71506.64000098727
488 246527.80178635175
528 9224.285897324104
536 537999.6976822494
539 30088.41478551122
582 86644.6578669546
585 186728.43486496047
601 7457.631954525004
650 51747.464327471585
651 52141.19923299634
773 16649.05674304294
905 849325.431265795
913 7360.661588353799
914 51.34846786282082
946 59349.63312461219
36 25679.258927485505
109 530.4523007522232
185 31649.381047406212
481 4131.200369974535
657 359231.9083183678
240 13400.67487012836
311 751.3707383743058
323 520.6183758474209
324 14465.40323486428
584 1074221.4265010275
925 9.202857142857143
929 63.022857142857134
945 24.204356562949634
277 39756.783388746626
76 4503.902201342709
355 25461.663802890293
423 3550.7800981214136
548 735.291026752059
572 13189.072961501266
798 72.21974994702268
77 489.7495814926761
149 16739.72096110694
237 95.67682639940705
345 483410.27880284615
383 99160.23339097804
454 56357.68174568453
547 1
638 6.5625
175 53193.03775648491
189 108.45170539301563
225 4171.372834430074
270 8730.107702176474
422 5961.819536084517
541 87879.58390090898
711 8610.112145977175
969 55.53931972789116
65 2922.515885431214
111 2314.7763776311313
174 8.226053639846743
317 351.2761556284794
338 128739.92919075249
581 1621.9257417299875
663 10636.133838794267
667 3406.6129897641576
129 12087.570319936818
229 868.4404085427323
337 24398.53758781784
439 202.53105455893376
446 369760.42147055076
472 6726.176216343501
570 7.071428571428571
921 8.142857142857144
974 7.571428571428572
7 16716.98591226803
8 30157.83262391524
96 11391.875602044369
97 30761.661736785783
98 23507.662739667845
99 51459.05208009907
100 13060.717121873557
101 116.71267621267623
116 71.6113804587528
117 195.64993112897022
145 20.306650613461755
181 769.097316634827
212 9131.700380243125
267 9722.35590627584
287 89.46915585987483
299 90.08890894629457
312 17586.60594782164
321 61139.224404113025
350 41822.14712687185
351 8352.642827564576
352 8033.199232424567
379 57133.44947526953
381 1456.7321664042927
386 6.778727445394113
430 32081.16983318725
455 1452.8830496532153
476 28307.999499665806
485 417.05655288653685
490 20128.298113833196
495 15334.117834278499
516 40483.655269346775
520 6496.09238070122
535 1386.315281021219
560 12204.91798213517
575 1366.8232558815794
596 5230.812364781462
605 391.28207137453194
659 324.77450671918825
675 172.10504597417196
686 14.580246913580247
695 51527.51422026886
696 36487.07194302565
703 19304.446207223278
707 264.86450475623195
716 593.3243889935987
745 8.344444444444445
435 2207.1527462109157
491 3993.909009864951
564 688.088479717436
580 858.2823652506861
587 612.1281606884983
662 533.9426376310475
732 171.23614089915927
754 21.900068317925463
774 2686.3112406890987
799 1290.2385540868331
819 3204.9460002518344
971 1
983 11.152097902097903
124 9047.38959438981
197 558.8062962962963
219 1467.0109076237056
291 1073.7691725561504
335 8695.974511866727
372 510.0287114833301
501 3270.6746736956743
567 251.89319643301704
126 80.65865872443254
294 62.67111280173027
344 1299.2624475578712
376 213.4775608674175
519 544.1492325266167
561 2427.7347599218015
640 40.094870454805736
677 775.8298660068328
811 1
121 48.72164919479496
147 25.727604875942472
148 97.96488166564896
155 146.2776669536772
228 240.5839821908918
239 1
262 114.09984348189322
336 102.35380943012656
339 68.66358895416106
340 64.22668465379462
341 76.62594609141924
342 91.15498908593538
447 6.478260869565217
448 23.38050023698544
450 30.649437519002735
453 656.1010330859636
473 32.86304347826087
487 65.2943966519414
554 56.68397745571658
563 76.65798442697236
615 56.83202918848697
818 68.30537064003883
110 33.09090909090908
401 59.265625683239314
429 33.49375504877897
465 20.40909090909091
502 17.65548868920081
505 9.727272727272727
512 340.88749515355573
526 1012.253686859359
544 240.3375941230487
557 352.06448862142634
579 5.9318181818181825
647 14.326361347786907
717 398.170868162613
762 1236.0400461931345
836 22.63064935064935
922 1
923 1
926 8.733766233766234
927 7.577922077922079
257 2.3015873015873014
289 2.9523809523809526
691 27.35299995419043
21 17.285714285714285
108 1
220 11.782974300831444
246 235.06839860486636
247 29.608333333333338
293 34.41039299242425
313 57.8048914243651
371 31.40065085842949
434 1
480 1
546 7.9750000000000005
592 16.176944444444445
620 1
635 5.975
636 2999.3610340126256
752 29.88017397549131
230 72.61864661654135
346 189.10806634026443
380 250.56949454054714
477 1
492 113.97566760724655
493 172.61614528456147
549 4.578947368421053
612 196.6932548932549
658 69.25739173107594
670 2.4210526315789473
704 80.44574723522094
765 84.31294917672628
909 62.18947938026885
918 37.83552631578948
947 1
953 1
456 457.38882739083516
527 7.606909430438843
532 12.041325957992623
545 2.9444444444444446
639 1
672 7.944444444444445
674 2.0
119 8.720588235294118
143 3.5588235294117645
333 129.55366368769728
533 1
623 1
847 5.1764705882352935
869 3.6323529411764706
904 7.0588235294117645
920 29.906816059757233
276 10.764077853363567
459 62.99184930809931
573 7.574404761904762
591 2.4464285714285716
637 5.607142857142857
722 1
805 1
906 10.33142006802721
915 1
950 1
952 6.0625
298 3.761904761904762
445 7.188
514 87.38148148148147
529 235.63237688237683
530 6.6000000000000005
542 54.168799348799354
594 152.3004174015285
668 1
682 4.3428571428571425
723 2.9333333333333336
727 2.1142857142857143
806 1
917 1
967 1
71 3.0
224 3.0
227 9.953514739229025
507 27.67432567432568
521 22.00641025641026
725 8.770748299319727
756 1
802 1
980 1
42 35.29836829836829
357 1
550 2.6923076923076925
645 10.91258741258741
720 21.00641025641026
931 4.897435897435898
933 1
201 27.706944444444446
279 1
308 3.625
362 2.2777777777777777
367 4.221590909090908
494 7.443181818181817
496 7.443181818181817
555 3.0
643 25.060000000000002
715 1
730 3.916666666666667
731 5.469696969696969
786 29.503015873015876
949 10.833333333333332
184 20.090909090909093
432 1
464 2.909090909090909
508 6.2272727272727275
556 1
566 1
621 1
486 1
568 4.35
577 42.06296296296296
598 1
604 2.3
613 8.457142857142857
618 16.557142857142857
679 1
714 2.0
761 1
768 1
814 3.0
862 1
874 1
880 1
883 1
943 1
973 2.35
66 1
375 1
531 1
583 1
660 26.12037037037037
702 28.398148148148145
780 2.238095238095238
815 1
948 10.326984126984126
995 1
411 10.025
631 3.5
652 1
690 18.075
692 1
749 1
783 1.9
796 1
850 1
886 2.875
951 4.0
460 1
510 1
593 1
617 1
619 3.3401360544217686
683 6.857142857142857
801 1
809 2.428571428571429
829 1
932 3.0
957 1
576 1
610 1
633 1
648 1
721 2.5
726 3.375
733 2.5
739 1
747 1
764 1
775 1
795 4.166666666666667
800 1
832 2.333333333333333
837 1
866 1
994 1
467 14.235555555555555
498 1
586 2.4
590 1
607 2.2
608 2.2
624 2.2
665 1
689 1
701 4.6
705 3.0
712 1
718 1
719 1
737 2.8
750 1
778 1
810 2.4
831 5.8
845 1
846 1
882 2.2
954 2.8
960 1
965 1
503 1
525 1
603 1
611 2.25
625 1
734 1
741 2.5
766 1
782 1
790 1
794 1
813 1
860 1
888 1
902 1
903 1
908 1
963 1
976 1
984 1
390 12.466666666666667
392 1
412 1
415 1
513 1
641 1
642 1
678 1
693 1.7999999999999998
698 1
710 1
724 1
738 1
743 2.111111111111111
758 1
779 1
793 3.0
821 1
825 1
851 1
853 1
863 1
864 1
875 1
879 1
900 1
919 1
930 1
979 1
990 1
391 1
558 2.5
597 1
599 2.0
616 1
628 1
664 1
709 3.0
740 1
755 1
759 1
763 1
777 1
788 4.0
797 1
807 4.0
817 1
844 1
848 1
865 1
884 1
892 1
935 1
938 1
941 1
962 1
977 1
981 1
463 1
565 1
574 1
600 1
614 1
626 1
627 1
673 1
676 1
685 1
688 1
697 1
706 1
757 1
776 1
791 1
827 1
833 1
834 1
838 1
839 1
840 1
867 1
870 1
871 1
890 1
895 1
911 1
916 1
936 1
955 1
961 1
970 1
972 1
982 1
989 1
992 1
427 1
442 1
515 1
552 1
569 1
589 1
622 1
630 1
632 1
646 1
653 1
655 1
669 1
684 1
700 1
713 1
735 1
748 1
753 1
760 1
767 1
770 1
771 1
772 1
781 1
784 1
785 1
787 1
789 1
792 1
820 1
823 1
826 1
830 1
835 1
843 1
849 1
854 1
857 1
858 1
859 1
861 1
868 1
872 1
873 1
876 1
878 1
881 1
885 1
887 1
891 1
894 1
896 1
898 1
899 1
901 1
907 1
912 1
924 1
934 1
937 1
939 1
940 1
942 1
944 1
958 1
966 1
968 1
975 1
978 1
985 1
986 1
987 1
988 1
991 1
993 1
996 1
997 1
998 1
