112 207724.88803409805
17 233564.4425309172
53 38837.124145851296
76 90594.00234120256
33 113537.99686895676
27 39834.58353504688
36 34916.97885304706
68 20201.08396676034
138 60601.74481124389
46 49226.97683579162
45 162886.72488678555
63 110790.1895763714
23 59717.72283306129
20 44459.21115928026
44 9802.376670712458
57 11276.971059724348
108 7076.01134032868
116 26911.510946292852
125 22212.98741992405
8 38582.316490485406
52 437.8901006694038
115 57953.93057709402
56 37994.041242743944
140 43445.21481101327
61 76228.94131969349
93 54809.301689325905
104 5196.938237098443
12 18003.78785391578
77 5153.574480008241
43 16258.020806867684
69 289.59462542055485
110 1
146 1
96 1
1 1659.6681412858006
4 457.39797318154757
117 1475.3319512482226
129 1774.1769791130575
51 2208.7479308145444
41 5875.753841325819
65 12525.916893083766
107 1436.839817264549
122 1170.245750708722
29 2759.0030275343997
62 7113.741328883158
133 1183.8709590420553
97 7076.2804791258895
147 4159.55293718597
136 4733.8485846888825
2 10358.120410097785
85 3201.9373641980474
118 129.88960168791786
64 354.9941479837443
71 9.233333333333333
120 23.800687830687824
142 53.3174987974988
132 426.93302938747956
40 19.425279247501468
72 404.06671033247653
95 59.73452380952379
75 689.1577043450375
80 51.110634920634915
137 468.608125617706
5 8.31920634920635
47 1
55 180.72430383513029
87 112.8314071786799
114 134.78902622629894
6 990.9224493673366
70 63.25694444444444
145 19.52146825396825
39 35.44833333333333
54 32.51021164021164
59 177.981638228214
24 1
15 112.8314071786799
25 360.1372197723713
90 186.92731546792152
86 397.1600831975882
111 224.59794703595713
73 111.8314071786799
143 6.568518518518519
79 88.65834962175872
58 154.69701161272587
28 101.42757575757574
148 104.95107672192572
74 42.77713564213564
11 4.5777777777777775
99 12.024999999999999
128 15.096666666666664
19 2.04
123 6.175
78 11.11111111111111
37 23.84666666666666
135 6.842777777777777
48 10.176111111111108
66 1
98 1
101 7.6187499999999995
3 4.84992784992785
38 10.047619047619047
84 3.571428571428571
21 15.8023088023088
18 4.857142857142857
109 6.142857142857142
130 19.553719008264462
113 48.30480125934671
144 103.13055883510428
103 1
106 78.78315623770169
26 1
32 37.62990948445494
131 66.61064541519086
83 1
102 3.7222222222222223
88 1
7 13.399999999999999
9 4.333333333333333
60 2.5
14 2.8333333333333335
127 1
89 1
50 1
91 1
42 18.636363636363637
121 23.96969696969697
141 4.6
30 2.8
92 1
139 1
34 1
22 3.5
82 2.25
119 4.75
67 2.25
13 4.777777777777778
94 1
81 1
126 2.0
100 1
49 1
105 1
134 1
