18 1130831.3555757846
19 1130835.4464848754
20 618853.8486522227
21 1130831.3555757846
230 171576.05545039123
231 232083.94096357294
232 423.10207336523104
245 354.72009569377974
251 327.15948963317373
252 329.15948963317373
253 350.7655502392343
254 352.7655502392343
276 1723.0321432640037
277 1736.213961445822
280 1736.213961445822
423 419.10207336523104
424 419.10207336523104
425 482.83094098883544
717 301.64433811802223
249 26.280701754385962
250 26.280701754385962
3 9715.326002141599
4 9704.659335474931
5 9704.659335474931
6 9726.926002141598
7 3601.962278281683
8 3611.462278281683
9 6879.519583018393
10 3601.962278281683
11 3601.962278281683
12 4663.240048500882
13 4735.173381834215
14 4652.573381834216
15 4652.573381834216
22 3729.9224445704212
23 3729.9224445704212
29 35823.88315444697
30 35804.34982111364
31 19766.439689468385
33 39152.161214411695
34 35874.60390967499
90 765.9793801965233
91 762.1793801965233
92 7344.4939896699425
93 7344.4939896699425
94 7365.893989669943
95 789.2412849584281
96 789.2412849584281
97 701.3984278155708
98 701.3984278155708
108 1409.4818178382466
109 3396.85730473671
110 3396.85730473671
111 3278.5573047367097
112 1400.2568178382467
113 1400.2568178382467
114 1400.2568178382467
115 1400.2568178382467
201 38.128571428571426
202 38.128571428571426
281 349.3658805744521
282 349.3658805744521
35 2979.597549760645
1 476.0122826908542
2 478.0122826908542
36 466.5552721088436
37 468.5552721088436
188 813.9021967120182
189 813.9021967120182
278 471.41598639455793
279 471.41598639455793
24 13.142857142857144
25 13.142857142857144
26 17.142857142857146
27 46.28148148148148
28 46.28148148148148
32 362.9991685563115
200 19.952380952380956
335 11.714285714285715
336 11.714285714285715
306 1
337 1
338 1
339 1
56 90.44404761904764
101 63.56230158730159
102 63.56230158730159
173 12.416666666666668
174 14.416666666666668
175 10.416666666666668
176 10.416666666666668
180 1
181 1
184 31.444444444444446
185 19.77777777777778
186 18.572222222222223
187 11.0
203 15.041666666666666
204 15.041666666666666
205 37.166666666666664
226 15.5
227 8.0
228 11.75
229 9.75
257 144.31117724867724
291 16.822222222222223
418 288.1223544973545
419 288.1223544973545
420 288.1223544973545
421 139.81117724867724
422 136.31117724867724
48 24.33333333333333
59 1
60 1
125 3.0
126 6.333333333333332
127 9.333333333333332
128 9.333333333333332
129 82.83809523809525
130 5.333333333333332
131 5.333333333333332
148 3.0
149 3.0
150 105.2489417989418
152 16.11111111111111
153 16.11111111111111
246 2.6666666666666665
247 12.666666666666666
248 4.666666666666666
274 9.0
275 9.0
293 1
294 1
340 2.6666666666666665
341 2.6666666666666665
342 2.6666666666666665
343 2.6666666666666665
367 6.0
368 2.6666666666666665
370 1
466 1
481 39.08571428571429
482 39.08571428571429
483 4.333333333333333
505 5.074074074074074
551 1
552 1
624 1
920 2.111111111111111
921 2.111111111111111
16 4.0
17 4.0
49 1
50 1
51 74.32142857142857
52 2.0
58 46.65714285714286
64 25.97142857142857
65 16.042857142857144
68 18.595238095238095
75 2.0
76 2.0
77 2.5
82 47.60714285714286
83 14.809523809523808
134 54.71666666666667
138 6.142857142857142
139 6.142857142857142
140 2.5
141 2.5
154 1
155 1
161 5.5
162 5.5
163 3.0
164 3.0
165 1
166 1
167 1
168 1
169 1
177 1
182 3.1428571428571423
183 3.1428571428571423
210 6.142857142857142
211 43.64285714285714
212 6.142857142857142
213 6.142857142857142
243 8.0
260 1
261 1
262 1
263 1
316 19.92857142857143
317 19.92857142857143
324 4.75
325 4.75
329 1
330 1
331 1
359 19.42857142857143
360 1.5
365 2.0
366 2.0
390 1
391 1
392 1
393 1
394 1
395 1
469 5.5
470 5.5
471 5.5
472 5.5
473 1
474 1
494 1
524 3.0
525 3.0
603 1
604 1
605 1
634 1
635 1
686 1
687 1
713 1
714 1
719 1
724 1
729 5.5
730 5.5
774 1
775 1
821 1
999 2.5
1000 2.5
1001 1
1002 1
40 15.666666666666666
41 13.666666666666666
44 3.0
45 1
46 1
47 5.0
53 1
54 1
55 1
57 1
61 7.0
62 5.0
63 9.0
66 3.0
67 5.0
69 3.0
70 3.0
80 1
81 1
84 1
99 1.6666666666666667
100 1.6666666666666667
103 5.0
104 3.0
105 5.0
106 3.0
107 1
116 3.0
117 1
118 1
119 3.0
120 1
121 1
122 1
135 1
136 1
137 2.0
142 1
143 1
146 7.0
151 1
159 1
160 1
190 3.0
191 3.0
192 3.0
214 1
215 1
218 3.0
222 1
235 1
244 1
258 2.0
259 2.0
269 1
270 1
271 1
272 1
273 1
283 1
284 1
285 1
292 1
297 3.0
298 3.0
301 1
302 1
303 1
307 1
308 1
309 1
310 1
311 1
312 1
313 1
318 1
319 1
320 1
321 1
322 3.0
323 1
326 3.0
327 3.0
328 3.0
332 1
333 1
334 1
344 3.0
345 3.0
346 3.0
347 3.0
348 1
357 1
358 3.0
361 1.6666666666666667
362 1.6666666666666667
363 3.0
364 1
369 1
371 1
372 1
375 1
376 1
377 1
378 1
379 1
380 1
381 1
382 1
383 1
396 7.0
399 1
400 1
401 3.0
402 1
403 1
404 1
405 3.0
408 1
409 1
414 1
415 1
416 3.0
430 1
431 1
437 1
438 1
439 36.0
440 36.0
441 22.0
459 1
460 1
465 1
475 1
476 1
477 1
478 1
479 3.0
480 3.0
501 1
502 1
509 1
510 1
518 3.0
519 1
522 5.0
531 1
532 1
533 1
534 1
538 1
543 3.0
544 1
548 1
549 1
561 1
562 1
568 3.0
569 1
570 1
571 1
575 1
576 1
591 1
592 1
593 1
594 1
599 1
600 1
606 1
607 1
608 1
609 1
618 1
622 1
623 1
631 1
632 1
650 1
651 1
656 3.0
657 1
658 1
659 1
660 1
661 1
667 3.0
668 1
669 3.0
672 3.0
673 1
674 1
675 1
676 1
682 2.666666666666667
690 1
691 3.0
694 1
695 1
696 1
701 1
702 1
703 3.0
720 1
721 1
727 1
728 3.0
731 3.0
732 1
734 1
735 1
736 1
737 1
738 1
739 1
740 1
741 1
744 11.0
747 1
748 1
751 1
752 1
757 1
758 1
759 1
760 1
761 1
768 1
769 1
770 1
771 1
789 1
790 1
799 1
800 1
812 1
813 1
822 1
823 1
824 1
825 1
855 1
856 1
859 1
870 1
871 1
874 1
875 1
889 1
890 1
891 1
892 1
927 1
928 1
929 1
930 1
931 1
932 1
985 1
986 1
987 1
995 1
998 1
1003 1
1004 1
1017 1
1033 1
1047 1
1048 1
1049 1
1071 1
1072 1
1080 1
1081 1
1082 1
38 1
39 1
42 1
43 1
71 1
72 1
73 1
74 1
78 1
79 1
85 1
86 1
87 1
88 1
89 1
123 1
124 1
132 1
133 1
144 1
145 1
147 1
156 1
157 1
158 1
170 1
171 1
172 1
178 1
179 1
193 1
194 1
195 1
196 1
197 1
198 1
199 1
206 1
207 1
208 1
209 1
216 1
217 1
219 1
220 1
221 1
223 1
224 1
233 1
234 1
236 1
237 1
238 1
239 1
240 1
241 1
242 1
255 1
256 1
264 1
265 1
266 1
267 1
268 1
286 1
287 1
288 1
289 1
290 1
295 1
296 1
299 1
300 1
304 1
305 1
314 1
315 1
349 1
350 1
351 1
352 1
353 1
354 1
355 1
356 1
373 1
374 1
384 1
385 1
386 1
387 1
388 1
389 1
397 1
398 1
406 1
407 1
410 1
411 1
412 1
413 1
417 1
426 1
427 1
428 1
429 1
432 1
433 1
434 1
435 1
436 1
442 1
443 1
444 1
445 1
446 1
447 1
448 1
449 1
450 1
451 1
452 1
453 1
454 1
455 1
456 1
457 1
458 1
461 1
462 1
463 1
464 1
467 1
468 1
484 1
485 1
486 1
487 1
488 1
489 1
490 1
491 1
492 1
493 1
495 1
496 1
497 1
498 1
499 1
500 1
503 1
504 1
506 1
507 1
508 1
511 1
512 1
513 1
515 1
516 1
517 1
520 1
521 1
523 1
526 1
527 1
528 1
529 1
530 1
535 1
536 1
537 1
540 1
541 1
542 1
545 1
546 1
547 1
550 1
553 1
554 1
556 1
557 1
558 1
559 1
560 1
563 1
564 1
565 1
566 1
572 1
573 1
574 1
577 1
578 1
579 1
580 1
581 1
582 1
583 1
584 1
585 1
586 1
587 1
588 1
589 1
590 1
595 1
596 1
597 1
598 1
601 1
602 1
610 1
611 1
612 1
613 1
614 1
615 1
617 1
619 1
620 1
621 1
625 1
626 1
627 1
628 1
629 1
630 1
633 1
636 1
637 1
638 1
639 1
640 1
641 1
642 1
643 1
644 1
645 1
646 1
647 1
648 1
649 1
652 1
653 1
654 1
655 1
662 1
663 1
664 1
665 1
666 1
670 1
671 1
677 1
678 1
679 1
680 1
681 1
683 1
684 1
685 1
688 1
689 1
692 1
693 1
697 1
698 1
699 1
700 1
704 1
705 1
706 1
707 1
708 1
709 1
710 1
711 1
712 1
715 1
716 1
718 1
722 1
723 1
725 1
726 1
733 1
742 1
743 1
745 1
746 1
749 1
750 1
753 1
754 1
755 1
756 1
762 1
763 1
764 1
765 1
766 1
767 1
772 1
773 1
776 1
777 1
778 1
780 1
781 1
782 1
783 1
784 1
785 1
786 1
787 1
788 1
791 1
792 1
793 1
794 1
795 1
796 1
797 1
798 1
801 1
802 1
803 1
804 1
805 1
806 1
807 1
808 1
810 1
811 1
814 1
815 1
816 1
817 1
818 1
819 1
820 1
826 1
827 1
828 1
829 1
830 1
831 1
832 1
833 1
834 1
835 1
836 1
837 1
838 1
839 1
840 1
841 1
842 1
843 1
844 1
845 1
846 1
847 1
848 1
849 1
850 1
851 1
852 1
853 1
854 1
857 1
858 1
860 1
861 1
862 1
863 1
864 1
865 1
866 1
867 1
868 1
869 1
872 1
873 1
876 1
877 1
878 1
879 1
880 1
881 1
882 1
883 1
884 1
885 1
886 1
887 1
888 1
893 1
894 1
895 1
896 1
897 1
898 1
899 1
900 1
901 1
902 1
903 1
904 1
905 1
907 1
908 1
909 1
910 1
911 1
912 1
913 1
914 1
915 1
916 1
917 1
918 1
919 1
922 1
923 1
924 1
925 1
926 1
933 1
934 1
935 1
937 1
938 1
939 1
940 1
941 1
942 1
943 1
944 1
945 1
946 1
947 1
948 1
949 1
950 1
951 1
952 1
953 1
954 1
955 1
956 1
957 1
958 1
959 1
960 1
961 1
962 1
963 1
965 1
966 1
967 1
968 1
969 1
970 1
971 1
972 1
973 1
974 1
975 1
976 1
977 1
978 1
979 1
980 1
981 1
982 1
983 1
984 1
988 1
989 1
990 1
991 1
992 1
993 1
994 1
996 1
997 1
1005 1
1006 1
1007 1
1008 1
1009 1
1010 1
1011 1
1012 1
1013 1
1014 1
1015 1
1016 1
1018 1
1019 1
1020 1
1021 1
1022 1
1023 1
1024 1
1025 1
1026 1
1027 1
1028 1
1029 1
1030 1
1031 1
1032 1
1034 1
1035 1
1036 1
1037 1
1038 1
1039 1
1040 1
1041 1
1042 1
1043 1
1044 1
1045 1
1046 1
1050 1
1051 1
1052 1
1053 1
1054 1
1055 1
1056 1
1057 1
1058 1
1059 1
1060 1
1061 1
1062 1
1064 1
1065 1
1066 1
1067 1
1068 1
1069 1
1070 1
1073 1
1074 1
1075 1
1076 1
1077 1
1078 1
1079 1
1083 1
1084 1
1085 1
1086 1
1087 1
1088 1
1089 1
1090 1
1091 1
1092 1
1093 1
1094 1
1095 1
1096 1
1097 1
1098 1
1099 1
1100 1
1101 1
1102 1
1103 1
1104 1
1105 1
1106 1
1107 1
1108 1
1109 1
1110 1
1111 1
1112 1
1113 1
1114 1
1115 1
1116 1
1117 1
1118 1
1119 1
1120 1
1121 1
1122 1
1123 1
1124 1
1125 1
1126 1
1127 1
1128 1
1129 1
1130 1
1131 1
1132 1
1133 1
1134 1
1135 1
1136 1
1137 1
1138 1
1139 1
1140 1
1141 1
1142 1
1143 1
1144 1
1145 1
1146 1
1147 1
1148 1
1149 1
1150 1
1151 1
1152 1
1153 1
1154 1
1155 1
1156 1
1157 1
1158 1
1159 1
1160 1
1161 1
