2 55
5 36
1 133
8 50
9 127
10 160
3 78
4 11
16 142
17 66
20 3
18 28
25 55
23 31
24 13
31 52
27 9
32 50
33 61
34 24
40 2
45 57
46 20
43 8
35 20
41 24
36 10
37 8
48 61
54 79
55 59
50 82
56 13
57 1
61 56
59 27
63 7
68 42
65 20
66 13
70 8
64 2
67 15
72 42
71 34
73 49
75 12
76 27
80 78
81 33
78 46
79 13
87 41
82 28
83 7
84 77
85 24
86 48
89 63
95 19
91 17
92 32
100 25
98 17
99 40
101 171
102 127
103 46
104 17
108 40
111 89
114 12
117 5
118 41
119 41
120 135
121 61
124 42
125 96
123 26
126 13
129 5
130 13
127 3
132 11
135 20
133 56
134 17
137 73
136 131
140 135
138 39
141 33
142 68
148 63
147 88
146 68
144 70
145 32
149 54
150 59
153 69
157 147
158 124
161 48
164 33
166 72
167 54
163 53
170 69
173 125
172 56
171 88
174 61
176 1
177 130
179 76
180 25
182 2
184 137
187 10
188 13
186 125
190 53
193 40
191 42
192 66
194 34
195 18
197 2
198 93
199 95
200 128
205 52
208 14
207 49
210 77
211 61
214 13
221 93
220 6
222 86
223 101
224 30
227 8
231 65
234 28
236 4
15 9
13 2
14 13
19 3
128 1
169 5
175 8
183 2
240 4
69 1
28 6
42 2
47 4
60 11
62 5
58 3
156 1
181 2
185 1
225 1
232 10
29 12
97 1
112 2
204 3
209 16
217 10
218 1
30 1
235 1
38 1
51 1
105 7
106 1
131 1
39 21
52 15
74 2
109 18
107 5
155 1
242 24
201 1
49 1
90 1
159 2
143 1
151 3
160 1
213 1
216 1
154 1
162 2
202 8
203 9
212 6
219 7
215 1
226 6
229 5
230 1
53 1
196 1
94 2
165 1
113 1
206 1
93 1
139 1
178 1
88 1
11 1
6 2
168 1
26 1
44 2
189 1
12 14
7 9
21 1
22 20
110 11
115 1
116 21
122 2
152 9
228 8
233 7
239 1
241 1
237 1
238 1
77 1
96 1
