234 67
235 37
236 22
244 9
245 20
246 37
250 14
768 21
1555 2
147 20
1049 7
1218 21
1221 24
1224 16
1229 4
1231 2
1235 21
1236 19
1238 11
1246 19
1250 15
1251 13
1252 13
1255 15
1256 13
1258 8
1270 28
1271 29
1287 14
1290 11
1291 11
1292 11
1295 20
1296 14
1298 4
1301 12
1303 13
1309 7
1313 4
1314 4
1328 18
1331 13
1333 14
1371 16
1458 3
1460 12
2500 6
2782 4
2801 16
3926 2
3931 3
3942 12
3949 7
3950 4
3980 21
3986 7
121 10
1240 2
1247 4
2796 5
1243 24
1253 3
1262 26
1265 19
1267 2
1476 12
2824 3
2836 15
3576 3
1330 2
3978 3
502 2
222 14
232 6
312 5
319 5
669 2
670 11
671 3
776 25
777 10
804 2
894 6
1179 11
1553 1
1569 3
1647 3
448 2
1563 2
3517 2
243 2
2863 4
3521 1
3993 2
213 9
259 15
263 1
308 20
309 18
310 8
313 7
314 2
355 4
357 4
358 3
663 8
841 3
1000 1
1022 11
1046 2
1088 14
1089 2
1095 7
1125 4
1491 3
1929 16
221 2
307 2
311 3
327 2
569 2
761 4
781 5
942 34
1015 2
1020 42
1021 4
1023 49
1025 12
1027 3
1029 11
1031 37
1032 77
1033 52
1036 4
1037 20
1038 2
1039 96
1040 29
1041 10
1043 6
1044 54
1045 20
1047 7
1048 62
1050 10
1051 5
1053 23
1056 11
1060 4
1062 6
1065 8
1066 29
1067 13
1068 9
1069 12
1072 26
1073 14
1074 17
1077 34
1079 15
1081 58
1082 15
1084 4
1085 4
1086 14
1087 7
1091 31
1092 26
1094 39
1096 30
1098 2
1100 5
1101 42
1104 39
1105 24
1109 8
1111 7
1112 2
1113 69
1115 26
1119 6
1122 2
1124 31
1128 18
1132 26
1136 43
1138 6
1142 4
1148 58
1152 2
1351 2
1494 3
1545 2
1551 2
1571 5
1893 7
1924 8
1930 1
1933 2
1943 3
2037 6
2102 3
2126 2
2151 4
2177 6
2296 3
2530 16
2603 3
2916 5
3532 1
3597 4
4036 2
258 3
345 8
366 3
465 3
774 2
792 5
844 2
1024 15
1026 4
1028 6
1030 8
1034 2
1052 3
1055 9
1057 3
1058 16
1059 12
1061 28
1063 12
1064 5
1075 3
1078 3
1080 11
1083 2
1090 11
1093 3
1097 7
1099 3
1102 12
1103 3
1106 6
1107 5
1114 3
1116 3
1118 2
1126 2
1127 8
1130 3
1133 11
1139 8
1140 19
1141 2
1145 2
1155 4
1156 2
1160 1
1166 2
1169 2
1249 5
1259 3
1273 4
1274 2
1532 5
1533 3
1618 4
1654 6
1866 2
1876 3
1898 3
1907 3
1918 10
1923 2
1939 7
2014 3
2026 2
2056 2
2064 2
2099 2
2106 14
2108 8
2119 13
2127 11
2131 2
2143 3
2150 4
2267 10
2315 2
2411 4
2533 2
2593 4
2617 7
2959 3
2987 2
2988 2
2989 2
2990 2
3145 3
3178 2
3410 1
3195 1
3707 3
3718 5
3749 2
3507 3
3785 5
3786 5
3787 6
5 8
80 42
171 8
179 7
203 4
260 1
261 5
262 9
268 14
296 6
315 6
317 14
318 29
320 43
321 49
322 47
323 9
324 4
329 7
330 54
331 19
342 4
344 5
346 6
347 9
356 3
365 21
395 10
450 26
456 5
489 8
496 6
512 3
582 6
599 9
714 6
767 5
770 4
778 5
790 12
791 2
810 24
853 7
920 5
940 3
944 2
947 7
948 7
949 5
952 12
968 2
1014 1
1035 8
1070 9
1071 8
1076 6
1110 3
1117 7
1121 27
1123 38
1129 18
1131 17
1134 13
1135 2
1137 19
1143 3
1144 8
1146 18
1147 4
1153 11
1154 6
1158 3
1159 6
1161 10
1163 3
1174 14
1175 12
1181 3
1194 1
1215 2
1382 2
1398 2
1405 3
1499 2
1521 2
1536 18
1543 2
1544 3
1548 2
1619 10
1625 2
1674 18
1689 2
1700 2
1761 2
1762 3
1764 5
1765 11
1766 5
1774 12
1775 3
1778 6
1779 5
1805 4
1859 3
1863 11
1864 7
1867 4
1887 11
1894 8
1903 9
1905 4
1906 2
1908 34
1912 9
1913 15
1914 3
1915 25
1916 8
1919 2
1922 3
1925 51
1926 3
1927 2
1940 9
1941 8
1957 6
1980 1
1989 3
1990 4
1996 21
2006 11
2010 8
2012 2
2013 4
2017 4
2023 2
2024 4
2028 2
2035 6
2036 7
2052 6
2060 10
2066 3
2071 11
2079 5
2080 4
2082 6
2084 4
2086 12
2088 3
2089 14
2090 4
2092 4
2094 7
2097 5
2098 5
2111 2
2123 4
2124 2
2136 9
2138 11
2144 2
2148 3
2152 13
2153 2
2156 3
2157 7
2159 3
2160 14
2164 2
2166 3
2167 4
2168 7
2174 28
2176 3
2178 2
2180 8
2184 2
2191 5
2192 2
2193 21
2200 3
2207 11
2210 2
2211 19
2212 13
2218 3
2219 3
2222 5
2228 3
2231 10
2232 9
2248 5
2252 2
2254 2
2258 3
2259 7
2261 3
2262 12
2266 3
2268 3
2273 27
2275 19
2278 3
2314 11
2342 37
2352 3
2353 23
2356 41
2357 8
2359 11
2360 1
2362 1
2363 4
2369 14
2370 34
2371 32
2384 2
2397 4
2399 1
2400 10
2406 9
2418 3
2423 6
2428 11
2431 3
2461 7
2489 17
2445 4
2496 3
2497 9
2506 7
2509 4
2532 4
2573 9
2502 7
2505 4
2614 1
2615 19
2616 14
2513 18
2622 1
2634 1
2637 2
2644 2
2662 7
2681 2
2683 2
2686 1
2864 4
2887 3
2918 11
2919 2
2923 22
2941 12
2946 13
2962 2
2984 7
2996 3
2997 7
3024 5
2986 6
3039 8
3091 1
3092 2
2974 3
3133 14
3139 34
3132 1
2582 3
3053 3
3186 1
3205 2
3206 16
2438 2
3009 1
3194 2
3297 3
3298 1
3382 1
3392 4
3393 19
3394 10
3398 4
3399 9
3407 2
3409 2
3412 3
3413 6
3042 3
3422 2
3428 1
3481 1
3191 2
3107 5
3608 5
3634 4
3391 4
3698 1
3699 1
3700 2
3715 2
3719 1
3725 3
3765 4
3810 2
3815 2
4067 2
4068 1
4177 2
4341 3
4407 1
197 2
352 6
359 4
487 2
495 9
497 2
498 9
782 1
786 2
819 2
820 2
822 7
828 8
836 3
837 3
899 2
995 1
1042 2
1108 2
1201 4
1345 2
1393 2
1395 2
1465 3
1490 1
1531 2
1542 2
1552 2
1556 2
1623 2
1690 1
1706 4
1736 2
1780 2
1781 2
1783 3
1786 3
1829 1
1831 6
1832 3
1874 2
1875 2
1878 3
1883 2
1896 6
1909 2
1910 5
1911 3
1985 1
1991 4
2002 5
2011 3
2016 3
2021 2
2029 2
2030 3
2044 2
2045 2
2057 2
2075 2
2076 3
2077 2
2087 3
2101 4
2103 3
2110 5
2113 2
2118 5
2162 3
2171 3
2208 2
2220 2
2235 2
2243 3
2246 2
2251 4
2260 3
2264 2
2284 3
2297 2
2323 5
2325 5
2372 1
2375 4
2388 2
2396 1
2405 1
2414 2
2432 2
2446 3
2454 3
2471 3
2494 2
2507 3
2575 2
2602 1
2604 6
2613 1
2666 1
2670 3
2846 2
2915 3
2924 4
2930 4
2935 3
2936 2
2940 1
2944 2
2957 3
2958 1
2961 5
2964 2
2982 5
2985 1
2947 3
3010 2
3017 6
3018 6
3019 1
3020 3
3022 3
3075 3
3077 2
3140 2
3141 1
3161 1
3162 1
3163 2
3164 1
3045 2
3183 2
3184 1
3185 1
3274 3
3280 4
3286 1
3304 1
3363 5
3044 2
3397 2
3043 2
3421 6
3426 3
3427 1
3429 4
3432 6
3025 2
3440 2
3472 2
3483 2
3032 3
3599 4
3600 1
3666 2
3677 1
3693 1
3697 8
3704 8
3705 6
3708 4
3745 4
3746 2
3747 4
3748 1
3750 3
3753 6
3754 8
3764 1
3807 2
3813 3
3816 1
3829 1
3842 1
3868 2
4071 3
4143 2
4191 1
4209 1
4286 2
4288 3
4314 1
4320 2
4577 2
4741 1
21 2
87 4
100 7
225 2
226 3
227 2
229 5
233 2
240 2
247 2
256 3
325 3
326 2
343 1
348 4
349 4
350 4
351 1
361 3
367 2
406 2
409 3
440 2
469 4
483 2
484 10
485 7
486 7
492 2
503 2
506 1
731 4
771 2
772 4
773 3
783 4
789 1
945 1
1149 1
1157 1
1164 2
1165 1
1182 13
1183 14
1184 14
1185 9
1186 13
1187 21
1188 13
1189 26
1190 15
1191 4
1192 10
1193 13
1195 12
1196 11
1197 2
1198 4
1202 4
1209 4
1210 5
1211 16
1214 8
1219 2
1226 2
1230 3
1297 12
1304 4
1317 3
1319 2
1376 2
1380 4
1411 3
1416 3
1430 2
1450 3
1473 2
1482 5
1493 2
1495 2
1519 4
1523 6
1527 2
1535 2
1546 2
1554 3
1560 2
1564 2
1565 9
1570 2
1651 2
1707 2
1735 1
1763 2
1787 3
1789 2
1792 15
1860 3
1877 3
1879 4
1899 3
1900 3
1902 1
1904 2
1921 2
1934 1
1936 4
1953 6
1979 1
1984 5
1988 5
1993 2
1994 2
2004 1
2009 4
2015 3
2033 3
2034 6
2040 2
2042 2
2048 5
2049 4
2050 4
2051 4
2053 7
2054 6
2072 5
2083 3
2093 6
2107 2
2109 4
2116 3
2122 4
2129 4
2133 3
2135 2
2137 5
2149 3
2161 6
2163 7
2165 3
2169 2
2170 4
2173 3
2179 4
2182 2
2183 3
2187 4
2188 4
2189 3
2195 2
2197 4
2198 6
2202 2
2204 7
2205 2
2225 2
2230 4
2233 2
2236 3
2237 2
2241 4
2245 3
2253 7
2255 2
2256 2
2265 5
2269 7
2271 2
2274 3
2306 17
2309 7
2320 3
2322 12
2331 7
2332 10
2338 12
2339 13
2340 3
2341 14
2343 4
2344 2
2345 1
2346 14
2347 2
2354 2
2382 13
2386 3
2392 6
2393 4
2394 4
2398 4
2410 15
2413 1
2416 1
2417 5
2421 3
2425 7
2433 8
2435 2
2448 1
2458 9
2469 1
2487 4
2490 3
2442 9
2508 3
2531 7
2535 6
2551 2
2562 1
2572 2
2574 2
2601 1
2612 2
2656 2
2658 2
2682 1
2755 2
2756 3
2758 2
2773 4
2786 2
2810 2
2848 2
2858 3
2859 2
2870 3
2910 2
2911 2
2912 2
2913 3
2914 2
2920 5
2929 2
2932 6
2933 1
2942 1
2960 6
2963 2
2965 4
2966 2
2970 4
2979 17
2980 10
2981 5
2983 4
2971 9
2972 10
2991 2
2998 3
2999 3
3000 1
3001 3
3004 3
3005 2
3021 3
3030 2
3033 5
3038 2
3046 6
3047 14
3048 3
2968 2
3076 10
2515 1
3052 1
3078 1
3079 1
3080 5
3083 3
3084 3
3088 1
3089 1
3090 4
3094 2
3095 10
3134 2
2441 9
3130 1
3146 2
3147 4
3148 6
3150 1
3153 4
3154 4
3155 4
3165 3
3166 4
3167 10
3168 2
3169 4
3177 4
3125 1
3126 1
3127 1
3128 2
3199 6
3202 1
3129 2
3203 2
3204 2
3207 1
3211 1
3212 1
3213 1
3214 3
2444 6
3224 3
3225 3
3244 12
3273 2
3275 21
3055 4
3313 1
3314 1
3315 1
3337 2
3339 2
3292 4
3350 6
3351 6
3352 6
3353 6
3354 6
3355 6
3365 1
3370 4
3371 4
3372 4
3379 2
3257 2
3232 2
3124 4
3408 3
3415 2
3420 11
3424 11
3435 1
3458 3
3459 5
3460 3
3461 11
3463 3
3464 2
3467 1
3469 2
3482 10
3487 1
3492 11
3499 5
3501 2
3506 6
3534 2
3538 3
3592 2
3609 3
3223 3
3632 1
3639 4
3645 3
3656 1
3665 4
3710 2
3711 5
3714 1
3716 1
3717 3
3726 2
3730 2
3755 7
3756 4
3757 4
3759 3
3762 2
3768 4
3771 2
3788 1
3793 2
3795 1
3796 2
3797 1
3803 1
3804 3
3809 2
3834 1
3839 4
3847 2
3851 2
3852 2
3865 2
3878 1
3879 1
3893 1
3928 2
3929 2
3930 2
3946 2
3971 4
3981 2
4006 2
4075 2
3190 3
2677 3
4098 1
4110 2
4135 2
3663 1
4174 2
4176 2
4179 2
4195 1
4245 2
3494 2
4291 3
4303 3
4315 3
4322 1
4439 2
4465 2
4552 4
4531 4
3455 2
3577 2
3069 8
3579 11
3583 5
4663 3
4664 2
4688 2
4742 1
4745 3
4799 1
4800 1
4943 1
5048 2
5092 1
5093 1
2949 2
5235 1
5477 1
37 2
52 2
77 4
183 2
230 2
252 2
316 6
328 1
339 2
354 2
385 2
387 3
447 2
470 1
481 2
504 2
510 2
531 2
555 2
607 2
702 2
718 2
737 2
739 2
740 3
741 2
742 3
780 3
823 2
827 2
838 2
847 2
862 2
885 2
898 3
935 2
938 2
941 3
955 2
966 2
967 2
1012 3
1120 4
1150 1
1176 1
1178 2
1213 1
1220 2
1222 4
1225 4
1227 2
1228 2
1234 4
1239 4
1245 4
1264 3
1276 2
1302 2
1318 2
1320 2
1339 2
1347 2
1352 8
1360 2
1370 2
1379 2
1429 2
1437 2
1446 2
1452 4
1459 2
1464 2
1466 2
1467 4
1468 4
1469 4
1470 5
1471 3
1472 3
1500 2
1522 1
1537 2
1538 3
1541 3
1562 2
1614 2
1622 2
1655 2
1691 1
1693 1
1711 2
1719 1
1730 3
1756 2
1758 2
1776 2
1785 3
1793 1
1796 2
1820 1
1837 9
1839 4
1840 3
1841 2
1888 3
1889 1
1890 2
1920 2
1937 2
1955 1
1958 2
1972 4
1973 4
1983 3
1987 2
1992 5
2001 3
2003 4
2005 3
2007 6
2008 3
2027 3
2031 2
2046 2
2055 4
2058 3
2059 2
2061 3
2068 2
2070 2
2115 2
2120 3
2134 3
2139 5
2140 2
2158 2
2172 2
2175 2
2181 2
2196 4
2203 2
2209 2
2214 2
2215 2
2216 2
2217 4
2238 2
2240 4
2244 8
2270 2
2279 2
2299 2
2301 1
2302 1
2312 6
2326 1
2330 3
2337 1
2348 13
2358 1
2368 1
2376 1
2395 3
2403 5
2409 3
2449 1
2451 4
2456 1
2474 3
2488 11
2511 3
2526 2
2528 2
2529 1
2557 2
2578 2
2579 2
2592 1
2594 1
2595 2
2597 1
2618 1
2619 1
2629 1
2664 1
2665 3
2667 2
2668 2
2669 2
2671 1
2675 1
2678 2
2680 7
2777 2
2790 4
2791 2
2794 2
2860 1
2865 2
2884 1
2885 1
2886 1
2917 4
2922 2
2931 2
2937 1
2938 2
2939 3
2943 1
2956 1
3002 4
3003 6
3006 6
3007 6
3011 4
3012 2
3013 1
3014 8
3015 3
3016 5
3034 8
3035 1
3036 15
3037 8
3040 1
3028 5
3081 3
3082 6
3085 4
3086 1
3008 5
3023 3
3051 4
3097 8
3098 2
3099 4
3100 1
2969 2
3135 4
3136 1
3137 3
3138 8
3142 2
3143 1
3144 3
3156 2
3157 2
3158 2
3159 2
3170 2
3171 3
3172 1
3173 2
3174 1
3175 1
3176 6
3181 1
3196 3
3197 1
3198 3
3201 2
3208 2
3215 2
3227 1
3189 4
3235 1
3236 1
3277 4
3282 1
3050 2
3299 1
3300 1
3301 2
3296 4
3308 1
3309 1
3310 1
3333 2
3340 1
3359 1
3364 1
3346 1
3345 2
3378 1
3381 1
3390 1
3395 1
3401 2
3403 2
3404 2
3405 2
3411 1
3249 2
3418 1
3431 1
3433 1
3436 1
3437 1
3439 3
3453 2
3192 1
3466 2
3470 1
3493 7
3496 3
3502 2
3503 1
3510 1
3520 2
3533 1
3584 1
3589 1
3193 7
3279 3
3603 2
3604 4
3630 2
3631 1
3341 2
3637 1
3664 1
3318 1
3361 1
3673 2
3678 3
3691 2
3696 1
3702 1
3703 2
3706 1
3709 1
3712 2
3720 2
3721 4
3722 2
3728 2
3729 2
3751 2
3769 1
3772 1
3777 1
3784 2
3789 6
3790 1
3791 2
3794 1
3801 1
3802 1
3806 3
3808 1
3823 1
3827 1
3736 1
3838 2
3841 1
3844 2
3845 2
3854 2
3860 2
3873 2
3875 2
3889 7
3896 1
3898 2
3901 1
3902 2
3907 2
3909 1
3910 3
3911 1
3912 1
3913 1
3914 3
3915 1
3916 2
3917 2
3918 2
3932 2
3572 5
3948 2
3951 2
3974 2
3989 2
3991 2
3992 3
3994 3
4005 2
4026 1
4070 3
4072 1
4073 2
4076 3
4077 2
4078 1
4089 1
4103 1
4175 1
4180 3
4190 3
4202 1
4208 2
4210 1
4211 1
4214 1
4216 2
4278 3
4279 2
4280 2
4282 2
4284 2
4285 1
4287 1
3614 1
4307 1
4316 1
4321 1
4323 1
4324 1
4326 1
4350 1
4374 1
4378 2
4409 2
4411 1
4412 1
4437 3
4462 2
4466 1
4564 2
4470 1
4573 1
4607 2
4608 1
4609 1
4610 2
4625 4
4333 2
4556 2
4648 3
4655 2
4656 2
4657 1
4658 2
4659 3
4660 2
4662 3
4667 2
4671 2
4684 3
4690 1
4691 1
4693 1
4706 3
4728 1
4733 1
4736 2
3233 1
4747 1
4748 2
3546 5
4749 4
4750 2
4751 1
4479 2
4848 1
4890 2
4900 1
4915 2
4924 2
4950 3
4957 2
4964 2
4975 1
4976 1
4475 2
4980 1
4985 2
4991 1
5045 1
5046 2
5167 1
5175 1
5181 1
5182 1
5183 1
5184 1
5185 1
5186 1
5187 1
5188 1
5189 1
5190 1
4538 1
5208 1
5209 1
5210 1
5211 1
5228 2
5299 1
3733 2
5481 1
5508 2
4388 1
5526 1
5527 1
5533 1
6 2
8 2
19 2
25 2
36 2
53 2
55 1
56 1
57 1
58 1
59 1
60 1
61 1
62 1
63 1
64 1
65 1
66 1
67 1
68 1
69 1
72 2
73 2
76 2
83 3
86 2
92 1
93 1
94 1
95 1
96 2
99 3
101 2
102 2
103 2
104 2
105 1
106 1
107 1
108 1
109 1
112 1
113 1
114 1
115 1
116 1
117 2
118 2
119 2
120 2
123 1
124 1
125 1
126 1
127 1
128 1
129 1
130 1
131 1
132 1
133 1
134 1
135 1
136 1
137 1
138 1
139 1
140 1
141 1
142 1
143 1
144 1
145 1
150 2
163 4
164 1
175 2
184 2
214 3
215 1
218 2
219 4
220 2
223 4
248 2
255 2
257 2
264 2
265 2
266 1
267 2
269 1
270 2
272 3
274 3
276 2
284 2
289 2
295 1
298 3
300 3
301 2
304 2
332 1
334 2
335 3
364 2
368 2
369 1
372 2
384 2
399 2
416 3
417 1
442 2
444 2
451 3
457 3
458 2
459 2
464 2
471 3
476 2
479 2
480 2
482 2
490 3
494 4
501 3
509 2
516 3
517 3
519 2
536 2
551 2
564 2
568 2
574 1
575 2
580 1
581 1
583 2
587 2
588 2
603 2
612 2
617 2
622 1
623 1
624 8
628 2
634 1
635 3
646 2
648 5
649 1
650 1
651 2
654 2
657 3
659 4
661 2
662 2
672 2
673 2
677 2
682 2
684 3
691 2
700 2
704 2
705 2
706 2
710 4
711 2
713 2
717 2
724 2
725 2
730 2
736 2
744 2
748 2
750 2
751 2
753 2
756 2
759 2
764 2
765 3
766 3
779 2
784 2
793 1
794 2
797 3
798 2
799 3
800 1
801 2
803 4
805 1
806 2
809 2
812 2
816 1
830 2
833 1
834 2
835 1
845 1
849 3
850 2
851 2
860 2
861 2
863 2
883 2
886 2
893 1
901 2
915 2
916 2
917 2
928 2
929 1
931 2
936 2
946 1
950 1
951 1
954 4
961 2
970 2
977 1
985 2
988 2
990 2
991 2
994 1
1003 2
1004 1
1018 2
1019 1
1151 3
1162 2
1167 2
1168 2
1199 2
1200 2
1203 2
1204 3
1205 2
1207 2
1212 4
1217 2
1223 2
1232 3
1237 3
1242 8
1244 2
1254 5
1257 2
1260 6
1261 2
1266 3
1269 2
1278 3
1279 4
1280 4
1282 4
1286 4
1288 2
1289 2
1293 2
1299 5
1300 4
1305 3
1306 2
1307 6
1308 3
1310 5
1311 3
1312 3
1316 3
1321 2
1322 2
1323 2
1326 2
1329 3
1337 1
1342 3
1346 2
1349 1
1350 2
1355 3
1357 4
1358 3
1362 2
1364 3
1366 2
1367 2
1368 3
1369 3
1372 4
1373 2
1381 2
1383 2
1384 2
1385 3
1386 2
1392 2
1396 2
1400 3
1412 2
1413 2
1415 3
1417 2
1419 11
1425 2
1427 2
1428 2
1431 2
1433 3
1435 2
1436 7
1439 5
1441 8
1442 2
1445 8
1451 3
1457 3
1461 2
1474 1
1475 5
1477 3
1478 2
1479 3
1480 2
1481 1
1485 1
1492 1
1497 1
1498 1
1509 2
1512 2
1513 2
1517 3
1518 1
1520 1
1529 3
1530 2
1534 3
1539 2
1540 1
1550 3
1567 1
1568 1
1573 2
1574 3
1577 2
1578 2
1581 1
1591 2
1602 1
1606 1
1611 2
1617 3
1621 2
1624 2
1626 2
1627 1
1629 2
1630 3
1634 1
1635 2
1642 3
1645 2
1652 3
1656 2
1657 4
1658 1
1659 5
1668 2
1672 2
1679 1
1685 2
1698 2
1705 2
1708 2
1710 1
1720 2
1723 6
1727 1
1739 2
1746 2
1752 2
1759 2
1777 1
1782 1
1784 5
1788 3
1790 1
1791 1
1795 1
1806 1
1810 1
1823 1
1827 2
1830 1
1836 1
1844 2
1856 3
1857 3
1861 2
1862 1
1886 2
1891 2
1892 2
1895 1
1897 2
1901 2
1917 3
1928 1
1942 2
1946 2
1947 3
1948 1
1949 3
1950 1
1952 2
1954 1
1956 1
1967 2
1968 2
1969 1
1986 1
1997 3
1998 1
1999 2
2022 2
2032 2
2041 2
2047 2
2073 4
2078 3
2085 2
2091 2
2095 2
2105 4
2128 3
2132 2
2142 2
2145 2
2146 2
2147 2
2186 2
2199 3
2201 3
2206 2
2221 3
2224 2
2227 2
2229 2
2234 4
2247 3
2249 3
2272 4
2276 3
2277 2
2280 1
2281 1
2286 2
2291 1
2294 1
2295 1
2298 1
2300 3
2303 1
2304 2
2305 2
2307 2
2308 1
2310 2
2311 1
2313 1
2316 5
2317 1
2318 1
2319 4
2321 9
2324 1
2327 9
2328 3
2329 5
2333 3
2334 2
2335 3
2336 1
2349 6
2350 4
2351 2
2355 3
2361 1
2364 2
2365 2
2366 4
2367 1
2373 2
2374 3
2377 5
2378 1
2379 1
2380 9
2381 2
2383 1
2385 3
2387 1
2389 2
2390 1
2391 3
2401 2
2402 1
2404 2
2407 11
2408 1
2412 2
2415 2
2419 2
2420 1
2422 1
2424 1
2426 3
2427 3
2429 1
2430 2
2434 2
2436 3
2437 2
2447 1
2450 3
2453 2
2455 5
2457 2
2459 5
2460 1
2462 3
2463 2
2464 1
2465 1
2466 2
2467 2
2468 1
2470 3
2472 1
2473 2
2480 2
2481 3
2486 3
2439 2
2491 1
2492 1
2493 1
2495 1
2498 3
2499 2
2510 1
2527 1
2534 1
2537 1
2538 1
2545 1
2546 1
2547 1
2552 1
2553 1
2554 1
2555 1
2556 1
2563 1
2566 2
2567 1
2571 3
2580 1
2590 2
2596 1
2598 1
2599 1
2626 1
2627 1
2628 1
2630 2
2631 2
2632 1
2639 1
2646 1
2647 1
2648 2
2649 2
2650 4
2651 3
2652 1
2653 1
2654 2
2655 1
2659 2
2660 1
2661 1
2663 2
2673 2
2679 2
2684 1
2685 1
2687 3
2688 3
2689 4
2690 5
2691 3
2693 2
2718 2
2719 2
2723 2
2727 2
2730 2
2731 3
2732 2
2734 3
2736 2
2737 2
2738 3
2740 2
2746 3
2747 2
2757 2
2761 3
2765 2
2775 3
2779 2
2787 3
2798 2
2799 3
2803 2
2809 2
2811 3
2812 3
2813 2
2816 3
2818 3
2820 5
2828 3
2830 2
2835 3
2837 4
2838 2
2840 3
2841 4
2842 2
2849 2
2851 1
2852 1
2866 3
2867 1
2878 1
2879 3
2880 1
2882 2
2888 1
2889 1
2890 1
2895 4
2896 1
2897 1
2898 1
2899 1
2900 1
2901 2
2902 3
2903 3
2904 2
2909 2
2921 2
2925 1
2926 1
2927 1
2928 1
2934 2
2945 1
2967 3
2992 4
2993 4
2994 2
2995 2
3087 2
3093 4
3096 4
3101 2
3102 2
3149 3
3151 3
3152 3
3160 2
3179 1
3180 1
3182 2
3027 3
3188 4
3200 1
3209 1
3210 5
3226 6
3237 3
3238 2
3239 1
3240 2
3241 2
3242 5
3245 3
3246 3
3264 1
3266 1
3267 1
3268 1
3269 1
3270 1
3271 1
3272 1
3276 2
3281 1
2503 2
3234 1
3284 1
3285 2
3293 1
3256 3
3307 1
3312 2
3316 2
3029 2
3319 1
3320 1
3321 1
3335 1
3336 2
3338 2
3343 1
3344 3
3303 1
3356 1
3357 1
3362 1
3288 3
3366 1
3367 1
3375 3
3377 2
3380 2
3383 1
3384 1
3385 3
3386 1
3387 2
3388 2
3389 2
3396 1
3400 3
3406 1
3414 1
3248 2
3250 1
3251 1
3252 1
3416 1
3417 1
3230 1
3419 2
3423 3
3425 1
3060 2
3062 7
3063 4
3064 5
3065 4
3066 4
3430 1
3434 4
3327 2
3454 2
3462 1
3465 1
3468 1
3253 2
3471 2
3473 1
3474 1
3475 2
3476 2
3477 2
3478 3
3479 1
3480 2
3486 1
3490 1
3491 4
3497 1
3061 2
3216 1
3109 2
3511 1
3513 1
3518 2
3519 4
3524 2
3525 2
3535 1
3536 1
3537 2
3539 1
3540 1
3541 1
3542 1
3543 1
3544 1
3545 1
3550 1
3551 1
3552 1
3553 1
3554 1
3229 1
3588 1
3581 3
3591 1
3593 1
3594 3
3595 2
3596 2
3598 1
3601 1
3606 2
3607 1
3629 1
3633 1
3635 2
3636 1
3638 2
3558 1
3640 1
3641 1
3642 1
3643 1
3644 1
3646 1
3647 1
3648 1
3649 2
3650 1
3484 3
3651 1
3652 2
3653 1
3654 2
3655 1
3657 1
3658 1
3659 1
3660 1
3661 1
3302 2
3667 1
3668 2
3675 2
3679 1
3680 1
3681 1
3682 1
3683 2
3684 1
3685 1
3686 1
3688 2
3692 1
3701 4
3723 2
3724 4
3727 2
3752 1
3758 1
3760 2
3761 2
3766 1
3773 3
3774 3
3775 1
3776 4
3778 1
3779 2
3780 2
3781 1
3782 1
3783 3
3792 1
3798 1
3799 1
3800 1
3805 1
3811 3
3812 1
3814 2
3817 1
3818 2
3819 1
3820 1
3821 2
3822 1
3824 1
3826 1
3828 3
3108 1
3830 2
3832 2
3833 1
3835 1
3836 2
3837 4
3843 1
3846 1
3848 2
3849 1
3850 4
3855 1
3856 1
3857 1
3859 1
3861 2
3862 1
3863 1
3864 3
3866 1
3867 2
3869 2
3870 2
3871 1
3872 2
3874 3
3876 1
3877 1
3880 1
3881 1
3882 1
3883 1
3884 1
3886 1
3887 1
3888 1
3890 2
3891 1
2948 2
3892 1
3894 1
3735 2
3900 1
3904 2
3905 1
3906 1
3919 1
3920 1
3921 1
3922 1
3927 4
3934 4
3935 3
3936 3
3937 2
3938 3
3939 3
3940 3
3941 2
3943 3
3944 3
3945 3
3953 2
3041 4
3954 2
3955 3
3956 2
3957 3
3958 3
3959 3
3960 3
3961 3
3962 3
3963 3
3964 3
3972 2
3973 3
3984 2
3985 2
3987 2
3990 3
3995 2
3996 3
3999 2
4000 2
4001 4
4002 2
3571 4
3573 2
4008 2
4009 2
4010 2
4014 2
3564 2
3565 2
4018 4
4019 3
4020 1
4023 3
3562 2
4024 1
4025 2
4027 1
4028 1
4029 1
4035 1
4037 1
4044 2
4045 3
4060 1
4062 2
4065 2
4066 2
4069 2
4074 3
4084 2
4085 4
4088 1
3348 2
4090 1
4094 1
4095 1
4096 1
4097 1
4099 1
4100 1
4102 1
3368 1
4104 1
4105 1
4106 1
4107 1
4108 1
4109 1
3295 1
4111 1
4112 2
4113 1
3259 1
3261 1
3262 1
3263 1
4114 1
4118 2
4136 1
4139 2
4140 3
4141 2
4142 1
4151 1
4155 2
4164 1
4165 1
4166 1
4167 1
4168 1
4169 1
4170 1
4172 2
4178 3
4184 1
4185 1
4192 1
4193 1
2501 1
4197 1
4198 1
4200 2
4201 1
4203 1
4207 2
4212 1
4213 2
4215 4
4220 1
4236 3
4238 1
4239 1
4241 2
4242 1
3580 1
4243 1
4244 1
4248 1
4249 1
4252 2
4253 1
4257 2
4261 1
4264 2
4265 2
4266 1
4267 1
4268 2
4269 2
4270 1
4271 2
4272 2
4273 2
4275 1
4276 1
4277 2
4281 2
4283 1
4289 2
4290 3
4292 1
4295 2
4297 2
4298 1
4304 2
4305 1
4308 1
4309 1
4310 2
4312 1
4325 2
4327 1
4337 1
4338 1
4339 1
4340 1
4342 1
4343 4
4344 2
4345 1
4351 1
4352 1
4358 1
4359 1
4360 3
4361 2
4362 1
4363 1
4364 2
4368 1
4369 1
4370 6
4371 10
4372 2
4373 1
4375 2
4376 3
4377 2
4379 1
3291 1
4380 1
4390 1
4391 1
4392 1
4393 1
4394 1
4395 2
4396 1
4397 2
4404 1
4405 1
4406 3
4408 2
4410 1
4413 2
4419 2
4420 2
4421 1
4422 1
4423 1
4424 1
4429 2
4432 1
4434 1
4438 1
4440 1
4441 1
4444 1
4449 1
4450 2
4454 2
4455 2
4459 1
4463 2
4464 1
2514 1
4467 2
4485 1
4486 1
4488 1
4506 1
4551 1
4553 1
4557 1
4558 1
4559 1
4560 1
4567 1
4568 1
4571 1
4572 1
4574 1
4576 1
4578 1
4579 1
4580 2
4581 1
4583 1
4584 1
4585 1
4586 1
4587 1
4588 1
4590 1
4591 1
4594 2
3582 2
4596 1
3071 2
3254 2
4529 2
4597 1
4598 1
4599 1
4600 1
4601 1
3578 2
4602 1
4605 1
4606 1
4613 2
4626 2
4639 2
4640 1
4641 1
4642 2
4643 1
4644 3
4645 2
4646 1
4647 1
4649 2
4650 2
4651 4
4652 1
4653 1
4661 2
4665 1
4471 3
4654 2
4528 3
4548 2
4666 5
4668 2
4669 1
4670 1
4672 2
3560 1
4673 1
4674 3
4675 1
4676 2
4677 1
4678 2
4679 2
4680 1
4681 1
4682 1
4683 1
4689 1
4692 3
4695 1
4696 1
4697 1
4700 1
4701 1
4702 1
4703 1
4704 1
4705 1
4717 2
4721 2
4722 1
4723 1
4724 1
4725 3
4726 1
4727 1
4731 1
4732 1
4735 1
4739 1
4740 1
4746 1
4752 2
4753 1
4754 1
4755 2
4756 1
4757 1
4758 1
4759 1
4760 2
4761 1
4762 1
4763 2
4764 1
4765 1
4777 1
4778 1
4781 1
4509 1
4782 2
4783 1
4784 2
4801 1
4512 1
4802 2
3290 2
3443 1
4807 1
4808 2
4810 2
4814 1
4815 1
4816 1
4817 1
4818 1
4819 1
4820 1
4824 3
4825 2
4826 2
4827 2
4828 1
4829 1
4841 2
4847 1
4849 2
4851 2
3231 3
4867 3
4868 2
4869 1
4870 2
4871 1
4872 1
4873 2
4874 2
4876 1
4877 1
4881 2
4885 2
4886 1
4887 1
4888 1
4889 2
4893 1
4896 1
4897 1
4898 2
4899 1
4901 1
4902 1
4903 1
4904 1
4908 2
4913 1
4916 1
4917 2
4918 1
4919 1
4920 1
4921 1
4922 1
4923 1
4925 1
4926 1
4927 1
4928 1
4929 1
4930 1
3738 1
4931 1
4932 1
4933 1
4939 1
4940 1
4941 1
4944 2
4945 1
4947 4
4949 1
4951 2
4952 1
4954 3
4956 2
4959 3
4960 4
4961 3
4962 1
4963 2
4965 1
4966 3
4967 2
4968 1
4969 1
4970 1
4971 1
4972 1
4973 1
4974 1
4977 1
4978 2
4979 3
4981 1
4982 4
4983 2
4984 1
4986 1
4987 1
4988 1
4989 1
4990 1
4992 1
4993 2
4994 2
4995 1
4996 1
4997 1
4998 1
4999 1
5000 1
5001 1
5002 1
5004 2
5005 1
5006 1
5007 2
5011 1
5012 1
5014 1
5015 1
5016 1
5017 1
5018 1
5020 1
5021 3
5025 2
5026 2
5027 2
5028 2
5029 1
5024 1
3447 2
5030 1
5038 1
5039 1
5042 1
5049 1
5052 1
5053 1
5054 1
5056 2
5060 2
3358 2
5089 1
5091 2
5094 2
5095 2
5098 2
5107 1
5108 1
5109 1
5110 1
5111 1
5112 1
5113 1
5114 1
5115 2
5116 2
5117 2
5118 1
5102 3
5103 3
5119 1
5120 1
5126 1
5099 1
5100 1
5105 1
5096 2
5128 1
5133 1
5134 1
5135 1
5101 1
3287 1
5136 1
5137 1
5138 1
5139 1
4555 1
5144 2
5146 2
5149 2
5150 2
5151 2
5153 2
3548 1
5158 2
5164 2
5168 2
5169 1
5170 2
5171 1
5172 2
5173 1
5174 3
5176 1
5177 2
5178 1
5179 1
5180 1
5196 1
5201 3
5202 3
5203 2
5204 2
5205 1
5206 1
5207 1
5225 1
5229 1
5230 2
5231 1
5232 1
5233 1
5234 1
5237 1
5239 1
5248 1
5249 2
5250 1
5251 1
5252 1
5253 1
5254 1
5255 1
5257 2
5264 1
5267 1
5268 1
5273 2
5275 1
5276 1
5282 1
5296 1
5297 1
5298 1
5300 1
5302 1
5308 2
5315 2
5331 2
5366 1
5367 1
5368 1
5369 1
5370 1
5371 1
5372 1
5373 1
5374 1
5375 1
5376 1
5377 1
5378 1
5379 3
5380 1
5381 1
5382 1
5384 1
5387 1
5394 1
5396 1
5397 2
5398 2
5399 1
5400 1
5401 1
5402 1
5403 1
5404 2
5406 2
5410 1
5411 1
5412 1
5413 1
5414 1
5415 1
5416 1
5417 1
5418 1
5419 1
5421 1
5422 1
5427 1
5434 1
5435 2
5436 1
5437 1
5438 1
5439 1
5440 1
5441 1
5442 1
5443 1
5448 1
5452 2
5465 1
5466 1
5470 1
5471 1
5472 1
5473 1
5474 1
5475 1
5484 1
5488 1
5489 1
5490 1
5491 1
5494 1
4329 2
5495 1
5496 1
5497 1
5498 1
5499 1
5500 1
5501 1
5502 1
5503 1
5505 1
5506 2
5507 1
5509 1
5510 1
5511 1
5512 1
5513 1
5514 1
5515 1
5516 1
5517 1
5518 1
5521 1
5523 1
5524 2
3611 1
5530 1
5531 1
5532 1
3612 1
5534 1
5535 1
5537 1
3332 1
5539 1
1 2
2 2
3 2
4 2
7 2
9 2
10 2
11 2
12 2
13 2
14 2
15 2
16 2
17 2
18 2
20 2
22 2
23 2
24 2
26 2
27 2
28 2
29 2
30 2
31 2
32 2
33 2
34 2
35 2
38 2
39 2
40 2
41 2
42 2
43 2
44 2
45 2
46 2
47 2
48 2
49 2
50 2
51 2
54 2
70 2
71 2
74 2
75 2
78 2
79 2
81 2
82 2
84 2
85 2
88 2
89 2
90 2
91 2
97 2
98 2
110 2
111 2
122 2
146 2
148 2
149 2
151 2
152 2
153 2
154 2
155 2
156 2
157 2
158 2
159 2
160 2
161 2
162 2
165 2
166 2
167 2
168 2
169 2
170 2
172 2
173 2
174 2
176 2
177 2
178 2
180 2
181 2
182 2
185 2
186 2
187 2
188 2
189 2
190 2
191 2
192 2
193 2
194 2
195 2
196 2
198 2
199 2
200 2
201 2
202 2
204 2
205 2
206 2
207 2
208 2
209 2
210 2
211 2
212 2
216 2
217 2
224 2
228 2
231 2
237 2
238 2
239 2
241 2
242 2
249 2
251 2
253 2
254 2
271 2
273 2
275 2
277 2
278 2
279 2
280 2
281 2
282 2
283 2
285 2
286 2
287 2
288 2
290 2
291 2
292 2
293 2
294 2
297 2
299 2
302 2
303 2
305 2
306 2
333 2
336 2
337 2
338 2
340 2
341 2
353 2
360 2
362 2
363 2
370 2
371 2
373 2
374 2
375 2
376 2
377 2
378 2
379 2
380 2
381 2
382 2
383 2
386 2
388 2
389 2
390 2
391 2
392 2
393 2
394 2
396 2
397 2
398 2
400 2
401 2
402 2
403 2
404 2
405 2
407 2
408 2
410 2
411 2
412 2
413 2
414 2
415 2
418 2
419 2
420 2
421 2
422 2
423 2
424 2
425 2
426 2
427 2
428 2
429 2
430 2
431 2
432 2
433 2
434 2
435 2
436 2
437 2
438 2
439 2
441 2
443 2
445 2
446 2
449 2
452 2
453 2
454 2
455 2
460 2
461 2
462 2
463 2
466 2
467 2
468 2
472 2
473 2
474 2
475 2
477 2
478 2
488 2
491 2
493 2
499 2
500 2
505 2
507 2
508 2
511 2
513 2
514 2
515 2
518 2
520 2
521 2
522 2
523 2
524 2
525 2
526 2
527 2
528 2
529 2
530 2
532 2
533 2
534 2
535 2
537 2
538 2
539 2
540 2
541 2
542 2
543 2
544 2
545 2
546 2
547 2
548 2
549 2
550 2
552 2
553 2
554 2
556 2
557 2
558 2
559 2
560 2
561 2
562 2
563 2
565 2
566 2
567 2
570 2
571 2
572 2
573 2
576 2
577 2
578 2
579 2
584 2
585 2
586 2
589 2
590 2
591 2
592 2
593 2
594 2
595 2
596 2
597 2
598 2
600 2
601 2
602 2
604 2
605 2
606 2
608 2
609 2
610 2
611 2
613 2
614 2
615 2
616 2
618 2
619 2
620 2
621 2
625 2
626 2
627 2
629 2
630 2
631 2
632 2
633 2
636 2
637 2
638 2
639 2
640 2
641 2
642 2
643 2
644 2
645 2
647 2
652 2
653 2
655 2
656 2
658 2
660 2
664 2
665 2
666 2
667 2
668 2
674 2
675 2
676 2
678 2
679 2
680 2
681 2
683 2
685 2
686 2
687 2
688 2
689 2
690 2
692 2
693 2
694 2
695 2
696 2
697 2
698 2
699 2
701 2
703 2
707 2
708 2
709 2
712 2
715 2
716 2
719 2
720 2
721 2
722 2
723 2
726 2
727 2
728 2
729 2
732 2
733 2
734 2
735 2
738 2
743 2
745 2
746 2
747 2
749 2
752 2
754 2
755 2
757 2
758 2
760 2
762 2
763 2
769 2
775 2
785 2
787 2
788 2
795 2
796 2
802 2
807 2
808 2
811 2
813 2
814 2
815 2
817 2
818 2
821 2
824 2
825 2
826 2
829 2
831 2
832 2
839 2
840 2
842 2
843 2
846 2
848 2
852 2
854 2
855 2
856 2
857 2
858 2
859 2
864 2
865 2
866 2
867 2
868 2
869 2
870 2
871 2
872 2
873 2
874 2
875 2
876 2
877 2
878 2
879 2
880 2
881 2
882 2
884 2
887 2
888 2
889 2
890 2
891 2
892 2
895 2
896 2
897 2
900 2
902 2
903 2
904 2
905 2
906 2
907 2
908 2
909 2
910 2
911 2
912 2
913 2
914 2
918 2
919 2
921 2
922 2
923 2
924 2
925 2
926 2
927 2
930 2
932 2
933 2
934 2
937 2
939 2
943 2
953 2
956 2
957 2
958 2
959 2
960 2
962 2
963 2
964 2
965 2
969 2
971 2
972 2
973 2
974 2
975 2
976 2
978 2
979 2
980 2
981 2
982 2
983 2
984 2
986 2
987 2
989 2
992 2
993 2
996 2
997 2
998 2
999 2
1001 2
1002 2
1005 2
1006 2
1007 2
1008 2
1009 2
1010 2
1011 2
1013 2
1016 2
1017 2
1054 2
1170 2
1171 2
1172 2
1173 2
1177 2
1180 2
1206 2
1208 2
1216 2
1233 2
1241 2
1248 2
1263 2
1268 2
1272 2
1275 2
1277 2
1281 2
1283 2
1284 2
1285 2
1294 2
1315 2
1324 2
1325 2
1327 2
1332 2
1334 2
1335 2
1336 2
1338 2
1340 2
1341 2
1343 2
1344 2
1348 2
1353 2
1354 2
1356 2
1359 2
1361 2
1363 2
1365 2
1374 2
1375 2
1377 2
1378 2
1387 2
1388 2
1389 2
1390 2
1391 2
1394 2
1397 2
1399 2
1401 2
1402 2
1403 2
1404 2
1406 2
1407 2
1408 2
1409 2
1410 2
1414 2
1418 2
1420 2
1421 2
1422 2
1423 2
1424 2
1426 2
1432 2
1434 2
1438 2
1440 2
1443 2
1444 2
1447 2
1448 2
1449 2
1453 2
1454 2
1455 2
1456 2
1462 2
1463 2
1483 2
1484 2
1486 2
1487 2
1488 2
1489 2
1496 2
1501 2
1502 2
1503 2
1504 2
1505 2
1506 2
1507 2
1508 2
1510 2
1511 2
1514 2
1515 2
1516 2
1524 2
1525 2
1526 2
1528 2
1547 2
1549 2
1557 2
1558 2
1559 2
1561 2
1566 2
1572 2
1575 2
1576 2
1579 2
1580 2
1582 2
1583 2
1584 2
1585 2
1586 2
1587 2
1588 2
1589 2
1590 2
1592 2
1593 2
1594 2
1595 2
1596 2
1597 2
1598 2
1599 2
1600 2
1601 2
1603 2
1604 2
1605 2
1607 2
1608 2
1609 2
1610 2
1612 2
1613 2
1615 2
1616 2
1620 2
1628 2
1631 2
1632 2
1633 2
1636 2
1637 2
1638 2
1639 2
1640 2
1641 2
1643 2
1644 2
1646 2
1648 2
1649 2
1650 2
1653 2
1660 2
1661 2
1662 2
1663 2
1664 2
1665 2
1666 2
1667 2
1669 2
1670 2
1671 2
1673 2
1675 2
1676 2
1677 2
1678 2
1680 2
1681 2
1682 2
1683 2
1684 2
1686 2
1687 2
1688 2
1692 2
1694 2
1695 2
1696 2
1697 2
1699 2
1701 2
1702 2
1703 2
1704 2
1709 2
1712 2
1713 2
1714 2
1715 2
1716 2
1717 2
1718 2
1721 2
1722 2
1724 2
1725 2
1726 2
1728 2
1729 2
1731 2
1732 2
1733 2
1734 2
1737 2
1738 2
1740 2
1741 2
1742 2
1743 2
1744 2
1745 2
1747 2
1748 2
1749 2
1750 2
1751 2
1753 2
1754 2
1755 2
1757 2
1760 2
1767 2
1768 2
1769 2
1770 2
1771 2
1772 2
1773 2
1794 2
1797 2
1798 2
1799 2
1800 2
1801 2
1802 2
1803 2
1804 2
1807 2
1808 2
1809 2
1811 2
1812 2
1813 2
1814 2
1815 2
1816 2
1817 2
1818 2
1819 2
1821 2
1822 2
1824 2
1825 2
1826 2
1828 2
1833 2
1834 2
1835 2
1838 2
1842 2
1843 2
1845 2
1846 2
1847 2
1848 2
1849 2
1850 2
1851 2
1852 2
1853 2
1854 2
1855 2
1858 2
1865 2
1868 2
1869 2
1870 2
1871 2
1872 2
1873 2
1880 2
1881 2
1882 2
1884 2
1885 2
1931 2
1932 2
1935 2
1938 2
1944 2
1945 2
1951 2
1959 2
1960 2
1961 2
1962 2
1963 2
1964 2
1965 2
1966 2
1970 2
1971 2
1974 2
1975 2
1976 2
1977 2
1978 2
1981 2
1982 2
1995 2
2000 2
2018 2
2019 2
2020 2
2025 2
2038 2
2039 2
2043 2
2062 2
2063 2
2065 2
2067 2
2069 2
2074 2
2081 2
2096 2
2100 2
2104 2
2112 2
2114 2
2117 2
2121 2
2125 2
2130 2
2141 2
2154 2
2155 2
2185 2
2190 2
2194 2
2213 2
2223 2
2226 2
2239 2
2242 2
2250 2
2257 2
2263 2
2282 2
2283 2
2285 2
2287 2
2288 2
2289 2
2290 2
2292 2
2293 2
2452 2
2440 2
2475 2
2476 2
2477 2
2478 2
2479 2
2516 2
2517 2
2518 2
2519 2
2520 2
2521 2
2522 2
2523 2
2524 2
2525 2
2536 2
2539 2
2540 2
2541 2
2542 2
2543 2
2544 2
2548 2
2549 2
2550 2
2558 2
2559 2
2560 2
2561 2
2564 2
2565 2
2568 2
2569 2
2570 2
2576 2
2577 2
2583 2
2584 2
2585 2
2586 2
2587 2
2588 2
2589 2
2591 2
2600 2
2605 2
2606 2
2607 2
2608 2
2609 2
2610 2
2611 2
2620 2
2621 2
2623 2
2624 2
2625 2
2633 2
2635 2
2636 2
2638 2
2640 2
2641 2
2642 2
2643 2
2645 2
2657 2
2672 2
2674 2
2676 2
2692 2
2694 2
2695 2
2696 2
2697 2
2698 2
2699 2
2700 2
2701 2
2702 2
2703 2
2704 2
2705 2
2706 2
2707 2
2708 2
2709 2
2710 2
2711 2
2712 2
2713 2
2714 2
2715 2
2716 2
2717 2
2720 2
2721 2
2722 2
2724 2
2725 2
2726 2
2728 2
2729 2
2733 2
2735 2
2739 2
2741 2
2742 2
2743 2
2744 2
2745 2
2748 2
2749 2
2750 2
2751 2
2752 2
2753 2
2754 2
2759 2
2760 2
2762 2
2763 2
2764 2
2766 2
2767 2
2768 2
2769 2
2770 2
2771 2
2772 2
2774 2
2776 2
2778 2
2780 2
2781 2
2783 2
2784 2
2785 2
2788 2
2789 2
2792 2
2793 2
2795 2
2797 2
2800 2
2802 2
2804 2
2805 2
2806 2
2807 2
2808 2
2814 2
2815 2
2817 2
2819 2
2821 2
2822 2
2823 2
2825 2
2826 2
2827 2
2829 2
2831 2
2832 2
2833 2
2834 2
2839 2
2843 2
2844 2
2845 2
2847 2
2850 2
2853 2
2854 2
2855 2
2856 2
2857 2
2861 2
2862 2
2868 2
2869 2
2871 2
2872 2
2873 2
2874 2
2875 2
2876 2
2877 2
2881 2
2883 2
2891 2
2892 2
2893 2
2894 2
2905 2
2906 2
2907 2
2908 2
2951 2
2952 2
2953 2
2954 2
2955 2
3187 2
3255 2
3283 2
3438 2
3074 2
3488 2
3489 2
3495 2
3500 2
3516 2
3522 2
3523 2
3526 2
3527 2
3528 2
3529 2
3530 2
3531 2
3590 2
3602 2
3669 2
3670 2
3671 2
3672 2
3674 2
3676 2
3687 2
3689 2
3690 2
3694 2
3695 2
3713 2
3763 2
3767 2
3770 2
3825 2
3831 2
3840 2
3853 2
3858 2
3885 2
3895 2
3897 2
3899 2
3903 2
3908 2
3923 2
3924 2
3925 2
3933 2
3947 2
3952 2
3965 2
3966 2
3967 2
3968 2
3969 2
3970 2
3975 2
3976 2
3977 2
3979 2
3982 2
3983 2
3988 2
3997 2
3998 2
4003 2
4004 2
3574 2
4007 2
4011 2
4012 2
4013 2
4015 2
4016 2
4017 2
4021 2
4022 2
3568 2
3575 2
3569 2
4031 2
4032 2
4033 2
4034 2
4038 2
4039 2
4040 2
4041 2
4042 2
4043 2
4046 2
4047 2
4048 2
4049 2
4050 2
4051 2
4052 2
4053 2
4054 2
4055 2
4056 2
4057 2
3567 2
3563 2
3566 2
4058 2
4059 2
4061 2
4063 2
4064 2
4079 2
4080 2
4081 2
4082 2
4083 2
4086 2
4087 2
4091 2
4092 2
4093 2
4101 2
4115 2
4116 2
4117 2
4119 2
4120 2
4121 2
4122 2
4123 2
4124 2
4125 2
4126 2
4127 2
4128 2
4129 2
4130 2
4131 2
4132 2
4133 2
4134 2
4137 2
4138 2
4144 2
4145 2
4146 2
4147 2
4148 2
4149 2
4150 2
4152 2
4153 2
4154 2
4156 2
4157 2
4158 2
4159 2
4160 2
4161 2
4162 2
4163 2
4171 2
4173 2
4186 2
4187 2
4188 2
4189 2
4194 2
4196 2
4199 2
4204 2
4205 2
4206 2
4217 2
4218 2
4219 2
4221 2
4222 2
4223 2
4224 2
4225 2
4226 2
4227 2
4228 2
4229 2
4230 2
4231 2
4232 2
4233 2
4234 2
4235 2
4237 2
4240 2
4246 2
4247 2
4250 2
4251 2
4254 2
4255 2
4256 2
4258 2
4259 2
4260 2
4262 2
4263 2
4293 2
4294 2
4296 2
4299 2
4300 2
4301 2
4302 2
4306 2
4311 2
4313 2
4317 2
4318 2
4319 2
4335 2
4336 2
4346 2
4347 2
4348 2
4349 2
4353 2
4354 2
4355 2
4356 2
4357 2
4398 2
4399 2
4400 2
4401 2
4402 2
4403 2
3549 2
4414 2
4415 2
4416 2
4417 2
4418 2
3547 2
4425 2
4426 2
4427 2
4428 2
4430 2
4431 2
4433 2
4435 2
4436 2
4442 2
4443 2
4445 2
4446 2
4447 2
4448 2
4451 2
4452 2
4453 2
4456 2
4457 2
4458 2
4460 2
4461 2
4468 2
4482 2
4483 2
4484 2
4487 2
4489 2
4490 2
4491 2
4492 2
4493 2
4494 2
4495 2
4496 2
4497 2
4498 2
4499 2
4500 2
4501 2
4502 2
4503 2
4504 2
4505 2
4565 2
4566 2
4569 2
4570 2
4603 2
4604 2
4611 2
4612 2
4614 2
4615 2
4616 2
4617 2
4618 2
4386 2
4619 2
4620 2
4621 2
4622 2
4623 2
4624 2
4627 2
4628 2
4629 2
4630 2
4631 2
4632 2
4633 2
4634 2
4635 2
4636 2
4637 2
4638 2
4685 2
4686 2
4687 2
4694 2
4698 2
4699 2
4707 2
4708 2
4709 2
4710 2
4711 2
4712 2
4713 2
4714 2
4715 2
4716 2
4718 2
4719 2
4720 2
3451 2
4729 2
4730 2
4734 2
4737 2
4738 2
4743 2
4744 2
4766 2
4767 2
4768 2
4769 2
4770 2
4771 2
4772 2
4773 2
4774 2
4779 2
4780 2
4803 2
4804 2
4805 2
4806 2
4809 2
4811 2
4812 2
4813 2
4821 2
4822 2
4823 2
4830 2
4831 2
4832 2
4833 2
4834 2
4835 2
4836 2
4837 2
4838 2
4839 2
4840 2
4842 2
4843 2
4844 2
4845 2
4554 2
4846 2
4850 2
4852 2
4853 2
4854 2
4855 2
4856 2
4857 2
4858 2
4859 2
3628 2
4860 2
4861 2
4862 2
4863 2
4864 2
4865 2
4866 2
4875 2
4878 2
4879 2
4880 2
4882 2
4883 2
4884 2
4891 2
4892 2
4894 2
4895 2
4332 2
4906 2
4907 2
4909 2
4910 2
4911 2
4912 2
4914 2
4934 2
4935 2
4936 2
4937 2
4938 2
4942 2
4946 2
4948 2
4953 2
4955 2
4958 2
5003 2
5008 2
5009 2
5010 2
5019 2
5031 2
5032 2
5033 2
5034 2
5035 2
5036 2
5037 2
5040 2
5043 2
5044 2
5047 2
5050 2
5051 2
5055 2
5057 2
5058 2
5059 2
5061 2
5062 2
5063 2
5064 2
5065 2
5066 2
5067 2
5068 2
5069 2
5070 2
5071 2
5072 2
5073 2
3619 2
5074 2
5075 2
5076 2
5077 2
5078 2
5079 2
5080 2
5081 2
5082 2
5083 2
5084 2
5085 2
5086 2
5087 2
5088 2
5090 2
5142 2
5143 2
5145 2
5147 2
5148 2
5152 2
5154 2
3402 2
5155 2
5156 2
5157 2
5159 2
5160 2
5161 2
5162 2
5163 2
5191 2
5192 2
5193 2
5194 2
5195 2
5197 2
5198 2
5199 2
4532 2
3072 2
5200 2
5212 2
5213 2
5214 2
5215 2
5216 2
5217 2
5218 2
5219 2
5220 2
5221 2
5222 2
5223 2
5224 2
5226 2
5227 2
5238 2
5240 2
5241 2
5242 2
5243 2
5244 2
5245 2
5246 2
5247 2
5256 2
5258 2
5259 2
5260 2
5261 2
5262 2
5263 2
5265 2
5266 2
5269 2
5270 2
5271 2
5272 2
5274 2
5277 2
5278 2
5279 2
5280 2
5281 2
5283 2
5284 2
5285 2
5286 2
5287 2
5288 2
5289 2
5290 2
5291 2
5292 2
5293 2
5294 2
5295 2
5301 2
5303 2
5304 2
5305 2
5165 2
5306 2
5307 2
5309 2
5310 2
5311 2
5312 2
5313 2
5314 2
5316 2
5317 2
5318 2
5319 2
5320 2
5321 2
3073 2
5322 2
5323 2
5324 2
5325 2
5326 2
5327 2
5328 2
5329 2
5330 2
5332 2
5333 2
5334 2
5335 2
5336 2
5337 2
5338 2
5339 2
5340 2
5341 2
5342 2
5343 2
5344 2
5345 2
5346 2
5347 2
5348 2
5349 2
5350 2
5351 2
5352 2
5353 2
5354 2
5355 2
3731 2
5356 2
5357 2
5358 2
5359 2
5360 2
5361 2
5362 2
5363 2
4472 2
5364 2
5365 2
5383 2
5385 2
5386 2
5388 2
5389 2
5390 2
5391 2
5392 2
5393 2
5395 2
5405 2
5407 2
5408 2
5409 2
5420 2
5423 2
5424 2
5425 2
5426 2
5428 2
5429 2
5430 2
5431 2
5432 2
5433 2
5444 2
5445 2
5446 2
5447 2
5449 2
5450 2
5451 2
5453 2
5454 2
5455 2
5456 2
5457 2
5458 2
5460 2
5461 2
5462 2
5463 2
5464 2
5467 2
5468 2
5469 2
5476 2
5478 2
5479 2
5480 2
5482 2
5483 2
5485 2
5486 2
5487 2
5492 2
5493 2
5504 2
3512 2
5519 2
5520 2
5522 2
5525 2
5528 2
5529 2
5536 2
5538 2
5540 2
5541 2
5542 2
5543 2
5544 2
5545 2
5546 2
5547 2
5548 2
5549 2
5550 2
5551 2
5552 2
5553 2
5554 2
5555 2
5556 2
