18 44
19 44
20 42
21 44
230 13
231 12
232 9
245 7
251 6
252 6
253 7
254 8
276 12
277 25
280 20
423 9
424 9
425 19
717 1
249 1
250 1
3 18
4 17
5 17
6 18
7 7
8 7
9 19
10 7
11 7
12 6
13 4
14 4
15 4
22 2
23 2
29 4
30 6
31 1
33 1
34 1
90 29
91 29
92 38
93 38
94 38
95 27
96 27
97 12
98 12
108 5
109 3
110 3
111 2
112 5
113 5
114 5
115 5
201 1
202 1
281 5
282 5
35 1
1 1
2 1
36 1
37 1
188 1
189 1
278 1
279 1
24 2
25 2
26 2
27 1
28 1
32 4
200 2
335 1
336 1
306 1
337 1
338 1
339 1
56 2
101 1
102 1
173 4
174 4
175 4
176 4
180 1
181 1
184 2
185 3
186 11
187 1
203 4
204 4
205 4
226 1
227 2
228 1
229 1
257 2
291 6
418 6
419 6
420 6
421 2
422 2
48 3
59 1
60 1
125 2
126 2
127 3
128 3
129 3
130 3
131 3
148 2
149 2
150 1
152 2
153 2
246 1
247 1
248 1
274 2
275 2
293 1
294 1
340 2
341 2
342 2
343 2
367 1
368 1
370 2
466 1
481 3
482 3
483 1
505 2
551 2
552 2
624 1
920 2
921 2
16 1
17 1
49 1
50 1
51 6
52 1
58 1
64 2
65 2
68 1
75 1
76 1
77 1
82 3
83 2
134 6
138 3
139 3
140 1
141 1
154 1
155 1
161 5
162 5
163 3
164 2
165 4
166 4
167 4
168 4
169 4
177 4
182 4
183 4
210 2
211 3
212 3
213 2
243 2
260 2
261 2
262 3
263 3
316 2
317 2
324 1
325 1
329 3
330 3
331 3
359 1
360 1
365 4
366 4
390 3
391 3
392 2
393 2
394 1
395 1
469 6
470 6
471 1
472 1
473 5
474 5
494 1
524 1
525 1
603 1
604 1
605 1
634 1
635 1
686 1
687 1
713 1
714 1
719 1
724 2
729 1
730 1
774 1
775 1
821 1
999 1
1000 1
1001 1
1002 1
40 1
41 1
44 9
45 2
46 5
47 6
53 5
54 5
55 8
57 1
61 6
62 5
63 13
66 7
67 8
69 1
70 5
80 1
81 1
84 1
99 1
100 1
103 1
104 1
105 3
106 1
107 1
116 1
117 1
118 2
119 2
120 2
121 2
122 2
135 2
136 2
137 1
142 1
143 1
146 1
151 1
159 1
160 1
190 2
191 1
192 2
214 1
215 1
218 1
222 1
235 2
244 1
258 1
259 1
269 5
270 1
271 1
272 3
273 3
283 3
284 2
285 1
292 1
297 1
298 1
301 5
302 1
303 1
307 1
308 1
309 1
310 1
311 1
312 1
313 1
318 2
319 1
320 1
321 1
322 1
323 2
326 1
327 1
328 1
332 3
333 2
334 2
344 3
345 4
346 4
347 1
348 1
357 3
358 3
361 1
362 1
363 1
364 1
369 1
371 1
372 1
375 1
376 1
377 3
378 3
379 3
380 1
381 1
382 3
383 1
396 2
399 1
400 1
401 3
402 1
403 1
404 1
405 1
408 1
409 1
414 2
415 2
416 2
430 1
431 1
437 1
438 2
439 6
440 6
441 3
459 1
460 1
465 1
475 1
476 1
477 2
478 2
479 1
480 1
501 1
502 1
509 2
510 2
518 1
519 2
522 1
531 1
532 1
533 1
534 1
538 1
543 1
544 1
548 1
549 1
561 3
562 3
568 2
569 2
570 1
571 1
575 1
576 1
591 2
592 1
593 1
594 1
599 4
600 1
606 1
607 1
608 1
609 1
618 1
622 2
623 2
631 1
632 1
650 2
651 2
656 2
657 1
658 1
659 1
660 1
661 1
667 1
668 1
669 1
672 5
673 2
674 1
675 2
676 2
682 1
690 1
691 1
694 1
695 1
696 1
701 1
702 1
703 1
720 1
721 1
727 1
728 2
731 2
732 1
734 2
735 2
736 2
737 2
738 1
739 1
740 1
741 1
744 2
747 1
748 1
751 1
752 1
757 1
758 1
759 1
760 1
761 1
768 1
769 1
770 1
771 1
789 1
790 1
799 1
800 1
812 1
813 1
822 1
823 1
824 1
825 1
855 1
856 1
859 1
870 1
871 1
874 1
875 1
889 1
890 1
891 1
892 1
927 1
928 1
929 1
930 1
931 1
932 1
985 1
986 1
987 1
995 1
998 1
1003 1
1004 1
1017 1
1033 1
1047 1
1048 1
1049 1
1071 1
1072 1
1080 1
1081 1
1082 1
38 1
39 1
42 1
43 1
71 1
72 1
73 1
74 1
78 1
79 1
85 1
86 1
87 1
88 1
89 1
123 1
124 1
132 1
133 1
144 1
145 1
147 1
156 3
157 1
158 2
170 3
171 2
172 1
178 1
179 1
193 1
194 1
195 3
196 3
197 3
198 1
199 1
206 1
207 1
208 1
209 1
216 1
217 1
219 1
220 1
221 1
223 1
224 1
233 2
234 1
236 2
237 2
238 1
239 1
240 1
241 1
242 2
255 1
256 1
264 1
265 3
266 3
267 1
268 1
286 1
287 1
288 1
289 1
290 1
295 1
296 1
299 1
300 1
304 1
305 1
314 1
315 1
349 2
350 2
351 2
352 2
353 1
354 1
355 1
356 2
373 1
374 1
384 1
385 1
386 1
387 1
388 1
389 1
397 3
398 1
406 1
407 1
410 1
411 1
412 1
413 1
417 1
426 1
427 1
428 1
429 1
432 6
433 4
434 6
435 2
436 2
442 1
443 3
444 1
445 1
446 1
447 1
448 2
449 3
450 2
451 1
452 1
453 1
454 1
455 3
456 3
457 2
458 1
461 1
462 1
463 1
464 1
467 1
468 1
484 1
485 1
486 2
487 1
488 1
489 1
490 1
491 2
492 2
493 1
495 2
496 1
497 1
498 2
499 1
500 1
503 1
504 1
506 1
507 1
508 1
511 1
512 1
513 2
515 1
516 1
517 1
520 1
521 1
523 1
526 1
527 1
528 1
529 1
530 1
535 1
536 1
537 1
540 1
541 1
542 1
545 1
546 1
547 2
550 1
553 1
554 1
556 1
557 1
558 1
559 1
560 1
563 1
564 3
565 1
566 1
572 1
573 1
574 1
577 2
578 1
579 1
580 2
581 1
582 1
583 1
584 1
585 1
586 1
587 1
588 1
589 1
590 2
595 1
596 1
597 1
598 1
601 1
602 2
610 1
611 1
612 1
613 2
614 2
615 1
617 1
619 2
620 1
621 1
625 1
626 1
627 1
628 1
629 1
630 1
633 1
636 1
637 1
638 2
639 3
640 1
641 1
642 1
643 1
644 1
645 1
646 1
647 1
648 1
649 1
652 1
653 1
654 1
655 2
662 1
663 1
664 1
665 1
666 1
670 1
671 1
677 1
678 1
679 1
680 1
681 3
683 2
684 1
685 1
688 1
689 1
692 2
693 2
697 1
698 1
699 1
700 1
704 1
705 1
706 1
707 1
708 1
709 1
710 1
711 1
712 2
715 1
716 1
718 1
722 1
723 1
725 1
726 1
733 1
742 1
743 1
745 1
746 1
749 1
750 1
753 1
754 1
755 1
756 1
762 1
763 3
764 2
765 1
766 1
767 1
772 1
773 1
776 1
777 2
778 1
780 1
781 1
782 1
783 1
784 1
785 3
786 1
787 1
788 1
791 1
792 1
793 1
794 1
795 1
796 1
797 2
798 2
801 1
802 1
803 1
804 1
805 1
806 1
807 1
808 1
810 2
811 1
814 1
815 1
816 1
817 1
818 1
819 1
820 1
826 1
827 1
828 1
829 1
830 1
831 1
832 1
833 1
834 1
835 1
836 1
837 1
838 1
839 1
840 1
841 1
842 1
843 1
844 1
845 1
846 1
847 3
848 1
849 1
850 1
851 1
852 1
853 1
854 1
857 1
858 1
860 1
861 1
862 2
863 4
864 1
865 1
866 2
867 1
868 1
869 1
872 1
873 1
876 1
877 1
878 1
879 3
880 2
881 3
882 1
883 1
884 1
885 1
886 1
887 1
888 1
893 1
894 1
895 1
896 1
897 1
898 1
899 1
900 1
901 1
902 1
903 1
904 1
905 1
907 1
908 1
909 1
910 1
911 1
912 1
913 1
914 1
915 1
916 2
917 1
918 1
919 1
922 1
923 1
924 1
925 1
926 1
933 1
934 1
935 1
937 1
938 1
939 1
940 1
941 1
942 1
943 1
944 1
945 1
946 1
947 1
948 1
949 1
950 1
951 1
952 1
953 1
954 1
955 1
956 1
957 1
958 1
959 1
960 1
961 1
962 1
963 1
965 1
966 1
967 1
968 2
969 2
970 1
971 1
972 1
973 1
974 1
975 1
976 1
977 1
978 1
979 2
980 1
981 1
982 1
983 1
984 1
988 1
989 1
990 1
991 1
992 1
993 1
994 1
996 1
997 3
1005 1
1006 1
1007 1
1008 1
1009 1
1010 1
1011 1
1012 1
1013 1
1014 1
1015 1
1016 1
1018 1
1019 1
1020 1
1021 1
1022 1
1023 1
1024 1
1025 1
1026 1
1027 1
1028 1
1029 1
1030 1
1031 1
1032 1
1034 1
1035 1
1036 1
1037 1
1038 1
1039 1
1040 1
1041 1
1042 1
1043 1
1044 1
1045 1
1046 1
1050 1
1051 1
1052 1
1053 1
1054 1
1055 1
1056 1
1057 1
1058 1
1059 1
1060 1
1061 1
1062 1
1064 1
1065 1
1066 1
1067 1
1068 1
1069 1
1070 1
1073 1
1074 1
1075 1
1076 1
1077 1
1078 1
1079 1
1083 1
1084 1
1085 1
1086 1
1087 1
1088 2
1089 1
1090 1
1091 1
1092 1
1093 1
1094 1
1095 1
1096 1
1097 1
1098 1
1099 1
1100 1
1101 1
1102 1
1103 1
1104 1
1105 1
1106 1
1107 1
1108 1
1109 1
1110 1
1111 1
1112 1
1113 1
1114 1
1115 1
1116 1
1117 1
1118 1
1119 1
1120 1
1121 1
1122 1
1123 1
1124 1
1125 1
1126 1
1127 1
1128 1
1129 1
1130 1
1131 1
1132 1
1133 1
1134 1
1135 1
1136 1
1137 1
1138 1
1139 1
1140 1
1141 1
1142 1
1143 1
1144 1
1145 1
1146 1
1147 1
1148 1
1149 1
1150 1
1151 1
1152 1
1153 1
1154 1
1155 1
1156 1
1157 1
1158 1
1159 1
1160 1
1161 1
225 2
514 2
539 2
555 2
567 2
616 2
779 2
809 2
906 2
936 2
964 2
1063 2
