234 88678628.67893356
235 57894382.68914915
236 38425003.293692134
244 36865382.0587383
245 21779845.81625101
246 20394315.61887281
250 28712855.290659085
768 58431835.13706373
1555 112.80962962962963
147 4015707.74847549
1049 190211.3878679051
1218 2058372.5463987559
1221 7161235.171653978
1224 708309.8518872851
1229 1222283.9658107953
1231 615890.9026480464
1235 6170084.695507129
1236 39009.58357286229
1238 346986.89791105344
1246 1721322.2556490686
1250 1921035.8380563273
1251 2127674.4525088826
1252 1229583.9049994869
1255 49836.627456602124
1256 20078.115093285764
1258 80475.83191366024
1270 1848110.1416852493
1271 3472792.8388895616
1287 1252213.9379376103
1290 351.98997624926506
1291 59703.58937410384
1292 351.98997624926506
1295 5457582.428006299
1296 1263747.324377427
1298 108.94953640715545
1301 245.48551977828168
1303 2716313.33688482
1309 30543.60630516652
1313 192310.73423887088
1314 1
1328 42885.01618901281
1331 1608458.9071682184
1333 977030.6367753646
1371 5394812.855832833
1458 6703.167994058217
1460 488493.04797713185
2500 162.47685122197026
2782 1
2801 1753441.2826425333
3926 1132662.7853864774
3931 15.083333333333337
3942 438.3228914084152
3949 1.6666666666666667
3950 1
3980 4599495.457258506
3986 830.4229850088182
121 484126.231120191
1240 227424.9990233962
1247 357503.1112378034
2796 281055.11060276715
1243 1073.896229024943
1253 47.925
1262 29920.448347723705
1265 37402.703084024266
1267 47.957763532763536
1476 168.6888651471985
2824 32.46346153846154
2836 13180.304166670541
3576 5985.028102346067
1330 4185.384374338624
3978 288.90158201058193
502 5862656.365825109
222 86424.20210861063
232 22874.95857357177
312 66431.79487072676
319 413180.0482595146
669 101954.8348832499
670 41280.952473590136
671 241633.19028808997
776 2041383.2145880712
777 28448.131223955595
804 19895.778554715547
894 81638.51776236857
1179 6607.400353042883
1553 29761.375119157947
1569 22561.56107830267
1647 3701.2292010705983
448 1691.5907181143307
1563 33.141666666666666
3517 49.81481481481481
243 91594.01428244928
2863 1101.1387215671757
3521 18.5
3993 22.625
213 2246430.7453904534
259 735.9401412319863
263 206.6588883971608
308 262.8205820488058
309 662.1444468220753
310 157.98224421393385
313 86.3852822542529
314 203.5022184119075
355 167438.46789698704
357 580872.829218907
358 329.8465918395978
663 137.61364342736906
841 143616.7614554012
1000 1
1022 513686.569723352
1046 302634.7463992975
1088 530110.4893879374
1089 175066.9498425704
1095 569373.5564720908
1125 2333240.7271428076
1491 711.3457865285557
1929 513106.27618990146
221 6.333333333333332
307 1
311 68.11102190111387
327 40696.86815852886
569 26291.139236394025
761 63128.34022474847
781 80328.3760276953
942 172820.28692901338
1015 9.183333333333334
1020 159997.27841506366
1021 81659.10918694381
1023 146861.63517779822
1025 72026.15730623523
1027 22952.09683900278
1029 40283.76154354206
1031 119764.48692828913
1032 217700.47011982658
1033 238339.73645384936
1036 79780.84651510579
1037 63676.85324864866
1038 69701.55922297231
1039 208049.38371141438
1040 35990.14506598623
1041 76142.7656105898
1043 24406.18411085542
1044 216464.72880429088
1045 172270.21231430615
1047 4319.419938946945
1048 73789.94724653865
1050 35056.33486136214
1051 127269.04476465195
1053 83990.87427875512
1056 54529.46502088761
1060 28574.51017829437
1062 23411.370527887968
1065 29711.047508928994
1066 90137.41297865921
1067 47415.76665891071
1068 55681.145104345895
1069 29430.555939341368
1072 153916.24959353183
1073 56730.51340685928
1074 73478.97970817165
1077 95950.60018698857
1079 93585.2426409054
1081 92750.83501256978
1082 91816.61734703551
1084 90615.11619111651
1085 30512.19434233976
1086 45692.531405961025
1087 62080.8820983948
1091 114842.56333026996
1092 54107.196032813954
1094 264368.64057592244
1096 54149.83166743047
1098 8982.813577781179
1100 47597.59245299031
1101 290861.3453384629
1104 308805.6722224389
1105 94927.52582279003
1109 31571.156137858485
1111 10958.383268020481
1112 1607.0521562909648
1113 207078.1751054982
1115 35888.38224855429
1119 40201.17106317974
1122 34713.979592025884
1124 143548.87305748335
1128 54833.59016194788
1132 59835.544691234136
1136 93882.75748478969
1138 52576.97935069949
1142 48932.639395717946
1148 248660.5400412695
1152 43554.42883822735
1351 568.2900468631897
1494 43.42447573174998
1545 3.8333333333333335
1551 27.061375661375664
1571 17977.55039230428
1893 1216.5971186953107
1924 26458.25974695278
1930 17688.30762435654
1933 1.6666666666666667
1943 4.777777777777778
2037 22672.00708539955
2102 27039.582893200753
2126 6158.90183409408
2151 13052.83084070114
2177 24553.86949545807
2296 100.72274805669868
2530 35617.95271970342
2603 11023.344854981842
2916 1127.6388930744656
3532 5033.062280424166
3597 17016.263023012714
4036 1433.1876491754701
258 3.0
345 10544.99455405709
366 1890.9417760616104
465 147.89756345372285
774 9.4
792 282.107953703714
844 2003.7949980923686
1024 4223.439219406133
1026 2385.8120416060897
1028 8801.93180321629
1030 2872.4419491713807
1034 2242.0593290924508
1052 2072.505198932126
1055 22329.511014374784
1057 600.5705862281061
1058 13276.54604493866
1059 4789.708208149912
1061 5715.7475084614825
1063 4634.682888705206
1064 1821.1291677104962
1075 736.9901563377366
1078 8415.527452679247
1080 3909.7295226343217
1083 10938.411235480766
1090 3645.4217565116983
1093 1724.7274015936061
1097 3246.788210861052
1099 3912.336163702534
1102 7773.249886645857
1103 2961.8399184677783
1106 6556.35616089359
1107 630.9492197178556
1114 2535.1629241503288
1116 4182.052586797802
1118 4346.08426501378
1126 3461.6318743383044
1127 6359.194282570669
1130 5921.876521562486
1133 3152.9765626707576
1139 9629.892957208647
1140 6174.437097962212
1141 426.093948582282
1145 1732.0549921385405
1155 623.1234158113655
1156 3276.5347402452626
1160 1186.1057025571
1166 2876.303718916235
1169 4.6000000000000005
1249 42.19333333333334
1259 228.5901544973545
1273 22.3
1274 206.6501544973545
1532 12825.935664156856
1533 23.073333333333338
1618 287.25592204616765
1654 14.799999999999999
1866 1684.316590731904
1876 6627.9919270842265
1898 4476.980263401002
1907 9268.784569538819
1918 3688.8813948144443
1923 2283.462724884634
1939 490.2253487730344
2014 2863.8463549346975
2026 679.9961726130075
2056 3527.957256609257
2064 2033.4946268800159
2099 2647.777424885931
2106 3086.5218554347393
2108 543.3133454984925
2119 1223.6279922180734
2127 948.6129895459868
2131 238.73968975468978
2143 1738.5886219215174
2150 2076.219876352223
2267 4494.51528874112
2315 552.8879879100525
2411 2660.7285273683474
2533 1724.255288588184
2593 48.85702815857498
2617 2932.194756351291
2959 1460.1807882739781
2987 1112.2428210678213
2988 2107.714491148871
2989 2002.8122730764564
2990 1750.7907209777613
3145 4250.146694275256
3178 894.1334356176185
3410 16.616666666666667
3195 1799.299135392032
3707 1053.8750012919013
3718 881.6197983219607
3749 970.2797055770742
3507 413.668223726709
3785 422.6120791775918
3786 422.6120791775918
3787 356.32537210688474
5 74.73518518518519
80 579.1128910514823
171 88.41226851851852
179 1
203 50.29464285714286
260 1
261 91.94583150344022
262 80.29022767691247
268 14.017857142857142
296 139.33516038359792
315 76.16130952380952
317 256.42703373015877
318 962.4051321749238
320 1313.9779304836843
321 1014.2703366599019
322 707.2984738519281
323 583.1112435796282
324 205.9834527483833
329 294.76832504466427
330 1471.6307190981054
331 156.95790711346265
342 165.41666666666666
344 134.97026171579745
346 222.01275018705576
347 65.4
356 179.56348840370583
365 172.46005291005295
395 132.99910714285713
450 372.7692162078075
456 26.98809523809524
489 14.892857142857142
496 362.787189353856
512 21.875
582 232.7669499225055
599 176.31783126293996
714 203.388795265581
767 97.91469135802468
770 11.261363636363637
778 4.571428571428571
790 63.01230158730159
791 4.5
810 566.0375603177687
853 207.92246642246647
920 74.25975653419263
940 21.59166666666667
944 19.675
947 11.15
948 39.277777777777786
949 416.63120323606444
952 122.72688492063493
968 33.701499118165785
1014 151.07563732563733
1035 15.770833333333336
1070 68.49166666666667
1071 193.25992890211643
1076 218.10172666288744
1110 112.02722567287788
1117 224.78121911157632
1121 537.8963846125087
1123 727.7977395124719
1129 272.17650358900363
1131 102.35730676328504
1134 198.3753905816406
1135 62.7665854978355
1137 529.8858797287369
1143 30.108333333333334
1144 65.58333333333334
1146 176.55314980158732
1147 185.72161053621136
1153 39.814682539682536
1154 70.78888888888889
1158 25.94880952380953
1159 7.0
1161 83.93958333333335
1163 290.5310206988779
1174 315.1649305555556
1175 224.2211111111111
1181 406.52434232769383
1194 192.26875
1215 8.0
1382 11.583333333333334
1398 6.666666666666667
1405 156.38296703296703
1499 7.125000000000001
1521 42.00000000000001
1536 379.0664682539683
1543 24.0
1544 15.861111111111112
1548 1
1619 243.8599681667539
1625 1
1674 338.1776528204983
1689 1
1700 104.38176323160845
1761 46.6275462962963
1762 164.07487139917697
1764 70.7238425925926
1765 586.6725686093744
1766 59.0925925925926
1774 56.68468915343916
1775 108.29796401515155
1778 141.72487139917695
1779 40.21666666666667
1805 1
1859 2.0
1863 273.5772158810106
1864 4.0
1867 188.18836144179897
1887 433.28335430442576
1894 23.011904761904766
1903 117.89126984126986
1905 515.9092357245929
1906 26.15
1908 1227.0796543578215
1912 178.45617451690825
1913 291.3466524216525
1914 20.17857142857143
1915 349.4916483516484
1916 104.78121693121693
1919 18.276041666666668
1922 35.35000000000001
1925 852.5807812062277
1926 69.41428571428573
1927 2.9
1940 494.23676819212545
1941 371.29297549429145
1957 76.50795177045178
1980 15.500000000000002
1989 185.23398268398267
1990 277.3477171241457
1996 185.97345238095235
2006 282.1341903659612
2010 52.35710784313726
2012 25.55
2013 42.86666666666666
2017 282.8467778253493
2023 75.6079365079365
2024 54.19166666666667
2028 15.666666666666666
2035 108.11120756172839
2036 417.956702426762
2052 188.97156041709616
2060 148.40836074561406
2066 181.82015487819064
2071 225.49308131051146
2079 90.28727570738442
2080 140.23185425685423
2082 39.35906685906686
2084 184.08699553895633
2086 239.07323200113382
2088 801.117691218788
2089 257.16297784391537
2090 138.13263888888892
2092 91.98531746031748
2094 425.027729017533
2097 134.5042979832835
2098 809.621466066005
2111 72.88802083333334
2123 1258.089376566416
2124 21.916666666666668
2136 301.3616754607827
2138 2051.3071174965703
2144 82.75833333333334
2148 109.27465986394559
2152 164.5493764172336
2153 139.02333333333334
2156 116.3117476851852
2157 235.64714912280712
2159 110.57166864220439
2160 358.81592970521547
2164 207.04887792821094
2166 113.76933760683761
2167 162.74976111851112
2168 202.6783297258297
2174 634.836563595135
2176 500.9661306947022
2178 98.35549543049544
2180 95.13333333333335
2184 58.33958333333333
2191 163.0763888888889
2192 131.06454772079775
2193 244.06907317219816
2200 284.67291383219964
2207 320.2615240828089
2210 40.62500000000001
2211 465.54033325700357
2212 359.08988584717747
2218 111.84166666666667
2219 32.85416666666667
2222 26.984375
2228 153.92796626984125
2231 354.74535407218445
2232 257.39722177983055
2248 160.96089285714285
2252 119.76987734487733
2254 130.22526171579747
2258 105.70416666666668
2259 311.230351473923
2261 207.01511715797432
2262 183.89798012675732
2266 143.3667200854701
2268 370.8929653679654
2273 1128.9990994269817
2275 2277.285483754735
2278 195.05991439942335
2314 61.35833333333334
2342 822.4029282521294
2352 154.3993055555556
2353 488.48731481481485
2356 1648.4621838699227
2357 2274.4607030254515
2359 1311.3033031084644
2360 1175.1151569475037
2362 123.96872637944068
2363 62.476851851851855
2369 263.2654315476191
2370 399.1961523246838
2371 1756.4819550345746
2384 70.5013888888889
2397 175.401810909549
2399 170.0303193499622
2400 159.7223993764173
2406 113.54034863945579
2418 20.30625
2423 45.51324404761905
2428 482.31910521687314
2431 76.68377149470902
2461 383.77097832722836
2489 281.20548558897246
2445 258.06322055137844
2496 310.68170678527827
2497 318.81264810090704
2506 928.4262918959348
2509 102.29280957138099
2532 489.928606817971
2573 214.2284090909091
2502 56.62226001511716
2505 215.69931827431833
2614 8.166666666666666
2615 117.53750000000001
2616 391.1417962813201
2513 97.1550925925926
2622 1
2634 1
2637 38.34362139917695
2644 22.726851851851855
2662 463.04248834861585
2681 17.5
2683 13.82628205128205
2686 1
2864 54.66666666666667
2887 9.875
2918 298.90482738161313
2919 85.45808404558406
2923 550.9767857142858
2941 366.22071919482636
2946 455.7776104847534
2962 191.84835602400818
2984 187.39095238095237
2996 48.50142857142857
2997 108.23059523809525
3024 305.88888888888897
2986 235.37876039304615
3039 232.7343556311414
3091 118.30566893424037
3092 275.0125415721845
2974 374.5190589569161
3133 653.2352421231652
3139 437.2835161106796
3132 1094.2220795871956
2582 233.40849395313683
3053 149.90254157218442
3186 167.1970742000504
3205 77.30289115646258
3206 268.8590650982615
2438 138.38365800865802
3009 30.25
3194 312.5950854700855
3297 8.966666666666669
3298 53.18299319727892
3382 175.3585923996638
3392 197.95622655122656
3393 175.42087301587304
3394 108.70277777777777
3398 189.61736111111114
3399 63.72642857142857
3407 27.633333333333333
3409 10.416666666666668
3412 4.166666666666667
3413 53.19146825396825
3042 33.53407738095238
3422 13.5
3428 188.57142857142853
3481 39.14285714285714
3191 34.226041666666674
3107 94.55629960317461
3608 265.41900658864944
3634 3.0
3391 114.03800204425207
3698 47.72595704948647
3699 53.44024276377218
3700 55.44024276377218
3715 373.1308839308839
3719 87.69462081128748
3725 185.61232363315705
3765 162.6125215742863
3810 98.81752044252045
3815 91.8234126984127
4067 14.0
4068 31.75
4177 26.559523809523807
4341 1
4407 121.13767361111111
197 26.123188405797105
352 24.55555555555555
359 5.0
487 14.666666666666664
495 43.11746031746031
497 42.5
498 18.555555555555557
782 1
786 85.14999999999999
819 3.9629629629629637
820 1
822 92.12592592592594
828 36.867310789049924
836 39.11349206349206
837 4.333333333333333
899 5.222222222222221
995 5.0
1042 91.47996031746032
1108 2.0
1201 3.0
1345 12.506172839506174
1393 24.903174603174605
1395 4.0
1465 35.55555555555556
1490 1
1531 15.663580246913579
1542 26.2
1552 1
1556 26.30357142857143
1623 45.21632653061225
1690 3.0
1706 18.42857142857143
1736 6.833333333333333
1780 1
1781 12.833333333333332
1783 117.33989898989898
1786 119.81431405895694
1829 1
1831 9.333333333333332
1832 3.666666666666667
1874 3.0
1875 147.7173998488284
1878 149.72587999302286
1883 90.77301587301588
1896 18.11111111111111
1909 4.0
1910 18.266666666666666
1911 12.1
1985 3.0
1991 40.46296296296296
2002 45.93333333333334
2011 115.26442002442003
2016 44.22970085470085
2021 10.0
2029 47.994708994709
2030 13.6
2044 15.827777777777778
2045 29.708333333333332
2057 24.444444444444446
2075 44.16761904761905
2076 42.983333333333334
2077 14.430555555555555
2087 109.01451247165535
2101 16.916666666666664
2103 26.88095238095238
2110 19.333333333333336
2113 22.666666666666664
2118 96.27047619047619
2162 49.172150072150075
2171 60.168915343915344
2208 24.34444444444445
2220 7.666666666666667
2235 58.84368191721133
2243 172.10978835978844
2246 46.74126984126985
2251 14.425213675213676
2260 81.36472222222224
2264 36.86666666666666
2284 1
2297 12.86111111111111
2323 100.98736772486777
2325 16.733333333333334
2372 15.555555555555555
2375 7.333333333333334
2388 72.89727891156463
2396 25.573015873015873
2405 11.666666666666666
2414 129.06017316017315
2432 21.066666666666666
2446 19.80952380952381
2454 13.622222222222224
2471 33.580880230880226
2494 6.666666666666666
2507 66.56054421768708
2575 2.0
2602 11.0
2604 34.317460317460316
2613 1
2666 20.933333333333334
2670 6.523809523809524
2846 1
2915 3.2222222222222223
2924 15.444444444444443
2930 30.369658119658123
2935 6.266666666666666
2936 68.82741702741703
2940 16.800925925925927
2944 22.27777777777778
2957 39.76666666666667
2958 38.708946608946604
2961 31.155555555555555
2964 34.133333333333326
2982 146.8252525252525
2985 8.222222222222221
2947 41.38518518518519
3010 221.4715538847118
3017 18.88888888888889
3018 55.21851851851852
3019 33.662962962962965
3020 47.55185185185185
3022 102.67962962962963
3075 465.72061473127263
3077 96.62020975056691
3140 20.27777777777778
3141 4.333333333333333
3161 5.0
3162 3.0
3163 3.0
3164 3.0
3045 59.44444444444445
3183 45.54783549783549
3184 12.61111111111111
3185 12.61111111111111
3274 2.111111111111111
3280 29.73333333333333
3286 14.444444444444443
3304 56.224074074074075
3363 4.629629629629631
3044 9.777777777777779
3397 4.333333333333333
3043 4.000000000000001
3421 90.2561157796452
3426 6.833333333333334
3427 20.680555555555557
3429 19.758169934640524
3432 23.400000000000002
3025 24.907407407407405
3440 8.266666666666666
3472 23.5
3483 1
3032 55.34222222222222
3599 97.1499333999334
3600 2.666666666666667
3666 24.62962962962963
3677 6.333333333333332
3693 3.0
3697 29.555555555555554
3704 46.31111111111112
3705 10.944444444444445
3708 41.38888888888888
3745 4.0
3746 1
3747 1
3748 1
3750 21.766666666666666
3753 19.0
3754 23.844444444444445
3764 1
3807 7.666666666666666
3813 22.80634920634921
3816 13.158730158730158
3829 1
3842 3.0
3868 25.388888888888886
4071 12.288888888888888
4143 11.789473684210531
4191 3.0
4209 10.666666666666666
4286 24.295634920634917
4288 8.777777777777779
4314 9.6
4320 46.03472222222223
4577 6.6
4741 32.09444444444445
21 2.166666666666667
87 23.333333333333336
100 13.166666666666668
225 1
226 5.0
227 1
229 10.700000000000001
233 1.6666666666666667
240 3.5
247 5.0
256 4.0
325 15.000000000000002
326 8.0
343 17.5
348 6.0
349 7.0
350 6.0
351 5.0
361 7.428571428571429
367 3.0
406 8.416666666666668
409 7.0
440 3.0
469 8.666666666666668
483 6.0
484 1
485 4.5
486 6.666666666666667
492 2.0
503 1
506 1
731 1
771 1
772 7.5
773 1
783 1
789 1
945 7.45
1149 3.666666666666667
1157 4.0
1164 4.0
1165 3.666666666666667
1182 12.0
1183 20.0
1184 28.0
1185 6.0
1186 12.0
1187 25.6
1188 12.0
1189 22.0
1190 24.0
1191 2.5
1192 10.0
1193 12.0
1195 12.0
1196 10.0
1197 1
1198 2.0
1202 4.0
1209 11.0
1210 7.0
1211 12.5
1214 15.5
1219 3.0
1226 4.916666666666667
1230 13.305555555555555
1297 25.428571428571434
1304 2.666666666666667
1317 19.02857142857143
1319 9.000000000000002
1376 4.5
1380 5.0
1411 9.0
1416 11.0
1430 2.666666666666667
1450 16.5
1473 12.600000000000001
1482 28.75
1493 4.0
1495 1
1519 3.0
1523 29.5
1527 3.0
1535 5.0
1546 7.666666666666667
1554 1
1560 6.75
1564 1
1565 1
1570 21.333333333333336
1651 1
1707 5.5
1735 1
1763 1
1787 20.166666666666668
1789 12.116666666666667
1792 15.0
1860 10.75
1877 8.666666666666668
1879 1.6666666666666667
1899 14.0
1900 16.766666666666666
1902 5.5
1904 3.5
1921 15.5
1934 1
1936 1
1953 7.75
1979 1
1984 6.0
1988 7.0
1993 9.0
1994 5.0
2004 1
2009 12.0
2015 7.5
2033 3.0
2034 14.6
2040 5.5
2042 13.452380952380956
2048 10.981818181818182
2049 13.566666666666666
2050 5.0
2051 10.566666666666666
2053 15.25
2054 2.666666666666667
2072 10.416666666666666
2083 2.0
2093 13.666666666666666
2107 5.666666666666667
2109 1
2116 7.000000000000001
2122 26.814285714285717
2129 5.5
2133 7.416666666666667
2135 5.1
2137 9.266666666666667
2149 6.75
2161 1.6666666666666667
2163 4.0
2165 9.472222222222221
2169 1
2170 13.5
2173 4.0
2179 8.75
2182 1
2183 4.166666666666667
2187 3.666666666666667
2188 16.92857142857143
2189 2.0
2195 2.0
2197 9.333333333333336
2198 15.75
2202 8.583333333333332
2204 4.291666666666667
2205 8.0
2225 9.5
2230 1
2233 3.0
2236 1
2237 3.666666666666667
2241 8.291666666666668
2245 13.8
2253 15.25
2255 1
2256 11.000000000000002
2265 13.5
2269 20.0
2271 3.0
2274 2.0
2306 51.25000000000001
2309 20.9
2320 34.53333333333334
2322 45.25
2331 57.366666666666674
2332 7.25
2338 29.0
2339 9.0
2340 3.4
2341 36.91666666666668
2343 8.5
2344 36.750000000000014
2345 3.0
2346 26.10714285714286
2347 20.495238095238097
2354 3.666666666666667
2382 24.75
2386 7.0
2392 12.700000000000003
2393 13.200000000000003
2394 13.200000000000003
2398 6.0
2410 25.86666666666667
2413 3.0
2416 3.0
2417 8.695238095238096
2421 3.666666666666667
2425 15.0
2433 18.5
2435 2.0
2448 22.666666666666668
2458 15.1
2469 26.071428571428584
2487 4.333333333333334
2490 20.666666666666668
2442 25.083333333333336
2508 1
2531 4.0
2535 9.833333333333334
2551 3.0
2562 14.86666666666667
2572 1
2574 3.0
2601 2.666666666666667
2612 3.0
2656 3.75
2658 3.0
2682 10.0
2755 2.75
2756 10.333333333333334
2758 5.0
2773 3.666666666666667
2786 12.63888888888889
2810 1
2848 2.0
2858 1
2859 1
2870 3.0
2910 3.0
2911 4.0
2912 3.0
2913 8.200000000000001
2914 10.0
2920 9.666666666666668
2929 18.083333333333336
2932 5.0
2933 2.0
2942 1
2960 4.625
2963 1.6
2965 3.5
2966 4.0
2970 35.2952380952381
2979 38.0
2980 28.0
2981 7.5
2983 6.5
2971 49.75
2972 55.18333333333334
2991 2.0
2998 6.3999999999999995
2999 7.0
3000 7.0
3001 6.399999999999999
3004 17.0
3005 27.02857142857143
3021 3.0
3030 16.67857142857143
3033 10.5
3038 4.5
3046 8.5
3047 6.666666666666667
3048 1.5
2968 63.75
3076 26.0
2515 2.0
3052 2.0
3078 2.0
3079 2.0
3080 41.62857142857143
3083 30.96666666666667
3084 4.0
3088 4.0
3089 3.0
3090 5.0
3094 1.5
3095 4.1000000000000005
3134 14.0
2441 57.102380952380955
3130 2.0
3146 12.0
3147 14.0
3148 9.833333333333334
3150 5.333333333333334
3153 1
3154 1
3155 7.0
3165 5.0
3166 3.3333333333333335
3167 4.0
3168 1
3169 8.200000000000001
3177 5.666666666666667
3125 5.666666666666667
3126 5.666666666666667
3127 3.666666666666667
3128 7.166666666666667
3199 24.425
3202 24.15
3129 1
3203 1
3204 1
3207 1
3211 1
3212 1
3213 1
3214 1
2444 8.0
3224 6.0
3225 6.0
3244 35.5
3273 2.666666666666667
3275 14.475
3055 6.666666666666668
3313 1
3314 1
3315 3.0
3337 6.5
3339 4.5
3292 27.500000000000014
3350 3.0
3351 3.0
3352 3.0
3353 3.0
3354 3.0
3355 3.0
3365 6.6000000000000005
3370 1
3371 1
3372 1
3379 5.5
3257 8.200000000000001
3232 4.666666666666667
3124 5.75
3408 2.0
3415 3.0
3420 9.75
3424 12.666666666666668
3435 10.833333333333334
3458 4.666666666666667
3459 18.5
3460 3.0
3461 4.6000000000000005
3463 9.125
3464 8.875
3467 3.0
3469 5.5
3482 1
3487 1
3492 21.14166666666667
3499 3.266666666666667
3501 2.666666666666667
3506 3.75
3534 7.5
3538 7.500000000000001
3592 2.0
3609 1
3223 8.0
3632 7.142857142857143
3639 3.0
3645 5.666666666666667
3656 3.0
3665 3.0
3710 10.625
3711 14.333333333333332
3714 4.0
3716 4.0
3717 9.5
3726 5.0
3730 15.952380952380953
3755 9.0
3756 1
3757 1
3759 4.666666666666667
3762 6.0
3768 14.5
3771 1
3788 10.5
3793 11.833333333333332
3795 2.0
3796 1
3797 1
3803 5.0
3804 5.0
3809 2.5
3834 5.0
3839 1
3847 1
3851 3.0
3852 6.5
3865 4.0
3878 1
3879 5.333333333333333
3893 1
3928 1.6666666666666667
3929 4.0
3930 1.6666666666666667
3946 3.0
3971 7.666666666666668
3981 1
4006 1.4
4075 4.0
3190 1
2677 2.0
4098 1
4110 1
4135 7.5
3663 1
4174 1
4176 1
4179 3.4
4195 1
4245 2.5
3494 6.0
4291 5.0
4303 7.0
4315 2.5
4322 2.0
4439 4.75
4465 1
4552 4.0
4531 1
3455 4.0
3577 2.666666666666667
3069 1
3579 6.166666666666667
3583 1
4663 1
4664 1.75
4688 5.5
4742 3.0
4745 2.0
4799 1
4800 1
4943 1
5048 3.0
5092 3.0
5093 2.0
2949 1
5235 1
5477 1
37 3.0
52 2.0
77 9.0
183 1
230 1
252 1
316 1.6666666666666667
328 1
339 1
354 2.0
385 4.0
387 1
447 1
470 1
481 1
504 1
510 1
531 1
555 1
607 1
702 2.0
718 1
737 1
739 2.0
740 2.0
741 1
742 3.0
780 4.0
823 1
827 1
838 1
847 1
862 2.0
885 5.0
898 1
935 1
938 1
941 2.0
955 2.0
966 2.0
967 1
1012 1.4
1120 1
1150 1
1176 1
1178 1
1213 1
1220 6.0
1222 1
1225 1
1227 2.0
1228 1
1234 11.0
1239 4.4
1245 4.5
1264 1
1276 3.666666666666667
1302 1
1318 1.6666666666666667
1320 3.3333333333333335
1339 3.0
1347 2.666666666666667
1352 9.166666666666668
1360 1
1370 2.0
1379 10.166666666666666
1429 7.0
1437 5.666666666666667
1446 2.0
1452 9.166666666666666
1459 1.6666666666666667
1464 3.0
1466 4.0
1467 3.0
1468 1
1469 1
1470 1
1471 1
1472 1
1500 1
1522 2.0
1537 6.0
1538 2.0
1541 1
1562 1
1614 1
1622 1
1655 6.0
1691 2.0
1693 1
1711 3.0
1719 1
1730 1.6666666666666667
1756 1
1758 1
1776 9.0
1785 3.4
1793 3.0
1796 5.0
1820 1
1837 6.0
1839 2.0
1840 1.4
1841 1
1888 1
1889 1
1890 1.5
1920 1
1937 1
1955 1
1958 1
1972 1.6666666666666667
1973 1.6666666666666667
1983 5.0
1987 1
1992 1
2001 7.0
2003 2.0
2005 1
2007 2.0
2008 2.0
2027 3.0
2031 1
2046 1
2055 5.0
2058 4.0
2059 4.0
2061 5.0
2068 1
2070 1
2115 4.0
2120 5.0
2134 3.0
2139 1
2140 3.0
2158 5.0
2172 3.0
2175 2.0
2181 1
2196 1
2203 1
2209 3.0
2214 1
2215 5.4
2216 3.2222222222222223
2217 5.5
2238 5.4
2240 2.666666666666667
2244 5.0
2270 1
2279 1
2299 3.0
2301 3.0
2302 3.0
2312 9.666666666666668
2326 6.066666666666666
2330 2.666666666666667
2337 3.0
2348 6.666666666666667
2358 1.6666666666666667
2368 5.222222222222222
2376 6.666666666666667
2395 1.5
2403 3.666666666666667
2409 5.4
2449 5.666666666666667
2451 1.6666666666666667
2456 6.0
2474 5.0
2488 1.6666666666666667
2511 3.0
2526 3.0
2528 1
2529 1
2557 1
2578 3.0
2579 3.0
2592 1
2594 1
2595 1
2597 1
2618 1
2619 1
2629 4.0
2664 1
2665 5.0
2667 1
2668 4.0
2669 1
2671 1
2675 1
2678 3.0
2680 3.0
2777 2.666666666666667
2790 1
2791 1
2794 2.0
2860 1
2865 5.0
2884 1
2885 1
2886 1
2917 11.666666666666668
2922 1
2931 5.0
2937 1
2938 2.666666666666667
2939 1
2943 1
2956 1
3002 1
3003 1
3006 4.0
3007 4.0
3011 1
3012 5.0
3013 3.0
3014 3.0
3015 3.0
3016 3.5
3034 3.0
3035 1
3036 4.5
3037 4.0
3040 1
3028 1
3081 1
3082 1
3085 1
3086 1
3008 7.0
3023 3.0
3051 3.333333333333333
3097 9.0
3098 3.333333333333333
3099 9.333333333333334
3100 6.0
2969 2.5
3135 1
3136 1.6666666666666667
3137 1
3138 9.0
3142 1
3143 1
3144 1
3156 1
3157 1
3158 1
3159 3.0
3170 3.0
3171 2.0
3172 3.0
3173 3.0
3174 1
3175 3.0
3176 1
3181 4.0
3196 3.0
3197 3.0
3198 3.0
3201 3.0
3208 1
3215 1
3227 3.0
3189 3.0
3235 3.0
3236 3.0
3277 1
3282 1.6666666666666667
3050 1.5
3299 1.6666666666666667
3300 1
3301 1
3296 4.333333333333334
3308 1
3309 1
3310 1
3333 3.0
3340 1
3359 1.2
3364 1
3346 3.0
3345 2.0
3378 1.6666666666666667
3381 1
3390 1.6666666666666667
3395 1
3401 1
3403 1
3404 1
3405 1.2
3411 5.0
3249 7.0
3418 3.0
3431 1
3433 1.6666666666666667
3436 1
3437 3.0
3439 1
3453 4.0
3192 1
3466 4.333333333333333
3470 3.0
3493 1
3496 1
3502 1
3503 1
3510 3.0
3520 2.0
3533 1
3584 3.0
3589 1
3193 1
3279 1
3603 1
3604 1
3630 1
3631 1
3341 1
3637 5.0
3664 1.6666666666666667
3318 1
3361 1
3673 1
3678 2.0
3691 3.0
3696 1
3702 1
3703 1
3706 1
3709 1
3712 1
3720 3.0
3721 6.0
3722 1
3728 2.666666666666667
3729 3.0
3751 1
3769 1
3772 1
3777 5.0
3784 5.0
3789 5.0
3790 1
3791 1
3794 3.0
3801 1
3802 1
3806 3.0
3808 1
3823 3.0
3827 3.0
3736 1
3838 1
3841 1.6666666666666667
3844 1
3845 1
3854 1
3860 1
3873 1
3875 1
3889 7.0
3896 1
3898 3.0
3901 1
3902 1
3907 2.666666666666667
3909 1
3910 1.6666666666666667
3911 1
3912 1
3913 1
3914 1
3915 1
3916 1.6666666666666667
3917 1.6666666666666667
3918 1.6666666666666667
3932 1
3572 4.0
3948 1
3951 1
3974 1
3989 1
3991 1
3992 1
3994 1
4005 1
4026 3.0
4070 3.666666666666667
4072 3.0
4073 2.0
4076 1
4077 3.666666666666667
4078 1
4089 1
4103 1
4175 1
4180 3.0
4190 3.0
4202 1
4208 3.0
4210 1
4211 3.0
4214 6.0
4216 3.0
4278 1
4279 1
4280 1
4282 1
4284 1
4285 3.666666666666667
4287 1
3614 1
4307 1
4316 1
4321 3.0
4323 1
4324 1
4326 1
4350 1
4374 1.6666666666666667
4378 4.0
4409 1
4411 1
4412 1
4437 4.0
4462 1
4466 1
4564 1
4470 2.666666666666667
4573 1
4607 1
4608 1
4609 1
4610 1
4625 1
4333 2.0
4556 4.0
4648 1
4655 1
4656 1
4657 1
4658 1
4659 1
4660 2.0
4662 1
4667 3.0
4671 1
4684 2.0
4690 1.6666666666666667
4691 1.6666666666666667
4693 1
4706 1
4728 2.0
4733 1
4736 3.666666666666667
3233 1
4747 3.0
4748 1
3546 1
4749 3.0
4750 1
4751 1
4479 1
4848 1
4890 1
4900 1
4915 2.0
4924 1
4950 1
4957 1
4964 1
4975 1
4976 1
4475 1
4980 1
4985 1
4991 3.0
5045 2.0
5046 1
5167 1
5175 1
5181 1
5182 1
5183 1
5184 1
5185 1.6666666666666667
5186 1
5187 1
5188 1
5189 1
5190 1
4538 1
5208 1
5209 1
5210 1
5211 1
5228 1
5299 1
3733 1
5481 1
5508 1
4388 1
5526 1
5527 1
5533 1
6 1
8 1
19 1
25 1
36 1
53 1
55 1
56 1
57 1
58 1
59 1
60 1
61 1
62 1
63 1
64 1
65 1
66 1
67 1
68 1
69 1
72 1
73 1
76 1
83 1
86 1
92 1
93 1
94 1
95 1
96 1
99 1
101 1
102 1
103 1
104 1
105 1
106 1
107 1
108 1
109 1
112 1
113 1
114 1
115 1
116 1
117 1
118 1
119 1
120 1
123 1
124 1
125 1
126 1
127 1
128 1
129 1
130 1
131 1
132 1
133 1
134 1
135 1
136 1
137 1
138 1
139 1
140 1
141 1
142 1
143 1
144 1
145 1
150 1
163 1
164 1
175 1
184 1
214 1
215 1
218 1
219 1
220 1
223 1
248 1
255 1
257 1
264 1
265 1
266 1
267 1
269 1
270 1
272 1
274 1
276 1
284 1
289 1
295 1
298 1
300 1
301 1
304 1
332 1
334 1
335 1
364 1
368 1
369 1
372 1
384 1
399 1
416 1
417 1
442 1
444 1
451 1
457 1
458 1
459 1
464 1
471 1
476 1
479 1
480 1
482 1
490 1
494 1
501 1
509 1
516 1
517 1
519 1
536 1
551 1
564 1
568 1
574 1
575 1
580 1
581 1
583 1
587 1
588 1
603 1
612 1
617 1
622 1
623 1
624 1
628 1
634 1
635 1
646 1
648 1
649 1
650 1
651 1
654 1
657 1
659 1
661 1
662 1
672 1
673 1
677 1
682 1
684 1
691 1
700 1
704 1
705 1
706 1
710 1
711 1
713 1
717 1
724 1
725 1
730 1
736 1
744 1
748 1
750 1
751 1
753 1
756 1
759 1
764 1
765 1
766 1
779 1
784 1
793 1
794 1
797 1
798 1
799 1
800 1
801 1
803 1
805 1
806 1
809 1
812 1
816 1
830 1
833 1
834 1
835 1
845 1
849 1
850 1
851 1
860 1
861 1
863 1
883 1
886 1
893 1
901 1
915 1
916 1
917 1
928 1
929 1
931 1
936 1
946 1
950 1
951 1
954 1
961 1
970 1
977 1
985 1
988 1
990 1
991 1
994 1
1003 1
1004 1
1018 1
1019 1
1151 1
1162 1
1167 1
1168 1
1199 1
1200 1
1203 1
1204 1
1205 1
1207 1
1212 1
1217 1
1223 1
1232 1
1237 1
1242 1
1244 1
1254 1
1257 1
1260 1
1261 1
1266 1
1269 1
1278 1
1279 1
1280 1
1282 1
1286 1
1288 1
1289 1
1293 1
1299 1
1300 1
1305 1
1306 1
1307 1
1308 1
1310 1
1311 1
1312 1
1316 1
1321 1
1322 1
1323 1
1326 1
1329 1
1337 1
1342 1
1346 1
1349 1
1350 1
1355 1
1357 1
1358 1
1362 1
1364 1
1366 1
1367 1
1368 1
1369 1
1372 1
1373 1
1381 1
1383 1
1384 1
1385 1
1386 1
1392 1
1396 1
1400 1
1412 1
1413 1
1415 1
1417 1
1419 1
1425 1
1427 1
1428 1
1431 1
1433 1
1435 1
1436 1
1439 1
1441 1
1442 1
1445 1
1451 1
1457 1
1461 1
1474 1
1475 1
1477 1
1478 1
1479 1
1480 1
1481 1
1485 1
1492 1
1497 1
1498 1
1509 1
1512 1
1513 1
1517 1
1518 1
1520 1
1529 1
1530 1
1534 1
1539 1
1540 1
1550 1
1567 1
1568 1
1573 1
1574 1
1577 1
1578 1
1581 1
1591 1
1602 1
1606 1
1611 1
1617 1
1621 1
1624 1
1626 1
1627 1
1629 1
1630 1
1634 1
1635 1
1642 1
1645 1
1652 1
1656 1
1657 1
1658 1
1659 1
1668 1
1672 1
1679 1
1685 1
1698 1
1705 1
1708 1
1710 1
1720 1
1723 1
1727 1
1739 1
1746 1
1752 1
1759 1
1777 1
1782 1
1784 1
1788 1
1790 1
1791 1
1795 1
1806 1
1810 1
1823 1
1827 1
1830 1
1836 1
1844 1
1856 1
1857 1
1861 1
1862 1
1886 1
1891 1
1892 1
1895 1
1897 1
1901 1
1917 1
1928 1
1942 1
1946 1
1947 1
1948 1
1949 1
1950 1
1952 1
1954 1
1956 1
1967 1
1968 1
1969 1
1986 1
1997 1
1998 1
1999 1
2022 1
2032 1
2041 1
2047 1
2073 1
2078 1
2085 1
2091 1
2095 1
2105 1
2128 1
2132 1
2142 1
2145 1
2146 1
2147 1
2186 1
2199 1
2201 1
2206 1
2221 1
2224 1
2227 1
2229 1
2234 1
2247 1
2249 1
2272 1
2276 1
2277 1
2280 1
2281 1
2286 1
2291 1
2294 1
2295 1
2298 1
2300 1
2303 1
2304 1
2305 1
2307 1
2308 1
2310 1
2311 1
2313 1
2316 1
2317 1
2318 1
2319 1
2321 1
2324 1
2327 1
2328 1
2329 1
2333 1
2334 1
2335 1
2336 1
2349 1
2350 1
2351 1
2355 1
2361 1
2364 1
2365 1
2366 1
2367 1
2373 1
2374 1
2377 1
2378 1
2379 1
2380 1
2381 1
2383 1
2385 1
2387 1
2389 1
2390 1
2391 1
2401 1
2402 1
2404 1
2407 1
2408 1
2412 1
2415 1
2419 1
2420 1
2422 1
2424 1
2426 1
2427 1
2429 1
2430 1
2434 1
2436 1
2437 1
2447 1
2450 1
2453 1
2455 1
2457 1
2459 1
2460 1
2462 1
2463 1
2464 1
2465 1
2466 1
2467 1
2468 1
2470 1
2472 1
2473 1
2480 1
2481 1
2486 1
2439 1
2491 1
2492 1
2493 1
2495 1
2498 1
2499 1
2510 1
2527 1
2534 1
2537 1
2538 1
2545 1
2546 1
2547 1
2552 1
2553 1
2554 1
2555 1
2556 1
2563 1
2566 1
2567 1
2571 1
2580 1
2590 1
2596 1
2598 1
2599 1
2626 1
2627 1
2628 1
2630 1
2631 1
2632 1
2639 1
2646 1
2647 1
2648 1
2649 1
2650 1
2651 1
2652 1
2653 1
2654 1
2655 1
2659 1
2660 1
2661 1
2663 1
2673 1
2679 1
2684 1
2685 1
2687 1
2688 1
2689 1
2690 1
2691 1
2693 1
2718 1
2719 1
2723 1
2727 1
2730 1
2731 1
2732 1
2734 1
2736 1
2737 1
2738 1
2740 1
2746 1
2747 1
2757 1
2761 1
2765 1
2775 1
2779 1
2787 1
2798 1
2799 1
2803 1
2809 1
2811 1
2812 1
2813 1
2816 1
2818 1
2820 1
2828 1
2830 1
2835 1
2837 1
2838 1
2840 1
2841 1
2842 1
2849 1
2851 1
2852 1
2866 1
2867 1
2878 1
2879 1
2880 1
2882 1
2888 1
2889 1
2890 1
2895 1
2896 1
2897 1
2898 1
2899 1
2900 1
2901 1
2902 1
2903 1
2904 1
2909 1
2921 1
2925 1
2926 1
2927 1
2928 1
2934 1
2945 1
2967 1
2992 1
2993 1
2994 1
2995 1
3087 1
3093 1
3096 1
3101 1
3102 1
3149 1
3151 1
3152 1
3160 1
3179 1
3180 1
3182 1
3027 1
3188 1
3200 1
3209 1
3210 1
3226 1
3237 1
3238 1
3239 1
3240 1
3241 1
3242 1
3245 1
3246 1
3264 1
3266 1
3267 1
3268 1
3269 1
3270 1
3271 1
3272 1
3276 1
3281 1
2503 1
3234 1
3284 1
3285 1
3293 1
3256 1
3307 1
3312 1
3316 1
3029 1
3319 1
3320 1
3321 1
3335 1
3336 1
3338 1
3343 1
3344 1
3303 1
3356 1
3357 1
3362 1
3288 1
3366 1
3367 1
3375 1
3377 1
3380 1
3383 1
3384 1
3385 1
3386 1
3387 1
3388 1
3389 1
3396 1
3400 1
3406 1
3414 1
3248 1
3250 1
3251 1
3252 1
3416 1
3417 1
3230 1
3419 1
3423 1
3425 1
3060 1
3062 1
3063 1
3064 1
3065 1
3066 1
3430 1
3434 1
3327 1
3454 1
3462 1
3465 1
3468 1
3253 1
3471 1
3473 1
3474 1
3475 1
3476 1
3477 1
3478 1
3479 1
3480 1
3486 1
3490 1
3491 1
3497 1
3061 1
3216 1
3109 1
3511 1
3513 1
3518 1
3519 1
3524 1
3525 1
3535 1
3536 1
3537 1
3539 1
3540 1
3541 1
3542 1
3543 1
3544 1
3545 1
3550 1
3551 1
3552 1
3553 1
3554 1
3229 1
3588 1
3581 1
3591 1
3593 1
3594 1
3595 1
3596 1
3598 1
3601 1
3606 1
3607 1
3629 1
3633 1
3635 1
3636 1
3638 1
3558 1
3640 1
3641 1
3642 1
3643 1
3644 1
3646 1
3647 1
3648 1
3649 1
3650 1
3484 1
3651 1
3652 1
3653 1
3654 1
3655 1
3657 1
3658 1
3659 1
3660 1
3661 1
3302 1
3667 1
3668 1
3675 1
3679 1
3680 1
3681 1
3682 1
3683 1
3684 1
3685 1
3686 1
3688 1
3692 1
3701 1
3723 1
3724 1
3727 1
3752 1
3758 1
3760 1
3761 1
3766 1
3773 1
3774 1
3775 1
3776 1
3778 1
3779 1
3780 1
3781 1
3782 1
3783 1
3792 1
3798 1
3799 1
3800 1
3805 1
3811 1
3812 1
3814 1
3817 1
3818 1
3819 1
3820 1
3821 1
3822 1
3824 1
3826 1
3828 1
3108 1
3830 1
3832 1
3833 1
3835 1
3836 1
3837 1
3843 1
3846 1
3848 1
3849 1
3850 1
3855 1
3856 1
3857 1
3859 1
3861 1
3862 1
3863 1
3864 1
3866 1
3867 1
3869 1
3870 1
3871 1
3872 1
3874 1
3876 1
3877 1
3880 1
3881 1
3882 1
3883 1
3884 1
3886 1
3887 1
3888 1
3890 1
3891 1
2948 1
3892 1
3894 1
3735 1
3900 1
3904 1
3905 1
3906 1
3919 1
3920 1
3921 1
3922 1
3927 1
3934 1
3935 1
3936 1
3937 1
3938 1
3939 1
3940 1
3941 1
3943 1
3944 1
3945 1
3953 1
3041 1
3954 1
3955 1
3956 1
3957 1
3958 1
3959 1
3960 1
3961 1
3962 1
3963 1
3964 1
3972 1
3973 1
3984 1
3985 1
3987 1
3990 1
3995 1
3996 1
3999 1
4000 1
4001 1
4002 1
3571 1
3573 1
4008 1
4009 1
4010 1
4014 1
3564 1
3565 1
4018 1
4019 1
4020 1
4023 1
3562 1
4024 1
4025 1
4027 1
4028 1
4029 1
4035 1
4037 1
4044 1
4045 1
4060 1
4062 1
4065 1
4066 1
4069 1
4074 1
4084 1
4085 1
4088 1
3348 1
4090 1
4094 1
4095 1
4096 1
4097 1
4099 1
4100 1
4102 1
3368 1
4104 1
4105 1
4106 1
4107 1
4108 1
4109 1
3295 1
4111 1
4112 1
4113 1
3259 1
3261 1
3262 1
3263 1
4114 1
4118 1
4136 1
4139 1
4140 1
4141 1
4142 1
4151 1
4155 1
4164 1
4165 1
4166 1
4167 1
4168 1
4169 1
4170 1
4172 1
4178 1
4184 1
4185 1
4192 1
4193 1
2501 1
4197 1
4198 1
4200 1
4201 1
4203 1
4207 1
4212 1
4213 1
4215 1
4220 1
4236 1
4238 1
4239 1
4241 1
4242 1
3580 1
4243 1
4244 1
4248 1
4249 1
4252 1
4253 1
4257 1
4261 1
4264 1
4265 1
4266 1
4267 1
4268 1
4269 1
4270 1
4271 1
4272 1
4273 1
4275 1
4276 1
4277 1
4281 1
4283 1
4289 1
4290 1
4292 1
4295 1
4297 1
4298 1
4304 1
4305 1
4308 1
4309 1
4310 1
4312 1
4325 1
4327 1
4337 1
4338 1
4339 1
4340 1
4342 1
4343 1
4344 1
4345 1
4351 1
4352 1
4358 1
4359 1
4360 1
4361 1
4362 1
4363 1
4364 1
4368 1
4369 1
4370 1
4371 1
4372 1
4373 1
4375 1
4376 1
4377 1
4379 1
3291 1
4380 1
4390 1
4391 1
4392 1
4393 1
4394 1
4395 1
4396 1
4397 1
4404 1
4405 1
4406 1
4408 1
4410 1
4413 1
4419 1
4420 1
4421 1
4422 1
4423 1
4424 1
4429 1
4432 1
4434 1
4438 1
4440 1
4441 1
4444 1
4449 1
4450 1
4454 1
4455 1
4459 1
4463 1
4464 1
2514 1
4467 1
4485 1
4486 1
4488 1
4506 1
4551 1
4553 1
4557 1
4558 1
4559 1
4560 1
4567 1
4568 1
4571 1
4572 1
4574 1
4576 1
4578 1
4579 1
4580 1
4581 1
4583 1
4584 1
4585 1
4586 1
4587 1
4588 1
4590 1
4591 1
4594 1
3582 1
4596 1
3071 1
3254 1
4529 1
4597 1
4598 1
4599 1
4600 1
4601 1
3578 1
4602 1
4605 1
4606 1
4613 1
4626 1
4639 1
4640 1
4641 1
4642 1
4643 1
4644 1
4645 1
4646 1
4647 1
4649 1
4650 1
4651 1
4652 1
4653 1
4661 1
4665 1
4471 1
4654 1
4528 1
4548 1
4666 1
4668 1
4669 1
4670 1
4672 1
3560 1
4673 1
4674 1
4675 1
4676 1
4677 1
4678 1
4679 1
4680 1
4681 1
4682 1
4683 1
4689 1
4692 1
4695 1
4696 1
4697 1
4700 1
4701 1
4702 1
4703 1
4704 1
4705 1
4717 1
4721 1
4722 1
4723 1
4724 1
4725 1
4726 1
4727 1
4731 1
4732 1
4735 1
4739 1
4740 1
4746 1
4752 1
4753 1
4754 1
4755 1
4756 1
4757 1
4758 1
4759 1
4760 1
4761 1
4762 1
4763 1
4764 1
4765 1
4777 1
4778 1
4781 1
4509 1
4782 1
4783 1
4784 1
4801 1
4512 1
4802 1
3290 1
3443 1
4807 1
4808 1
4810 1
4814 1
4815 1
4816 1
4817 1
4818 1
4819 1
4820 1
4824 1
4825 1
4826 1
4827 1
4828 1
4829 1
4841 1
4847 1
4849 1
4851 1
3231 1
4867 1
4868 1
4869 1
4870 1
4871 1
4872 1
4873 1
4874 1
4876 1
4877 1
4881 1
4885 1
4886 1
4887 1
4888 1
4889 1
4893 1
4896 1
4897 1
4898 1
4899 1
4901 1
4902 1
4903 1
4904 1
4908 1
4913 1
4916 1
4917 1
4918 1
4919 1
4920 1
4921 1
4922 1
4923 1
4925 1
4926 1
4927 1
4928 1
4929 1
4930 1
3738 1
4931 1
4932 1
4933 1
4939 1
4940 1
4941 1
4944 1
4945 1
4947 1
4949 1
4951 1
4952 1
4954 1
4956 1
4959 1
4960 1
4961 1
4962 1
4963 1
4965 1
4966 1
4967 1
4968 1
4969 1
4970 1
4971 1
4972 1
4973 1
4974 1
4977 1
4978 1
4979 1
4981 1
4982 1
4983 1
4984 1
4986 1
4987 1
4988 1
4989 1
4990 1
4992 1
4993 1
4994 1
4995 1
4996 1
4997 1
4998 1
4999 1
5000 1
5001 1
5002 1
5004 1
5005 1
5006 1
5007 1
5011 1
5012 1
5014 1
5015 1
5016 1
5017 1
5018 1
5020 1
5021 1
5025 1
5026 1
5027 1
5028 1
5029 1
5024 1
3447 1
5030 1
5038 1
5039 1
5042 1
5049 1
5052 1
5053 1
5054 1
5056 1
5060 1
3358 1
5089 1
5091 1
5094 1
5095 1
5098 1
5107 1
5108 1
5109 1
5110 1
5111 1
5112 1
5113 1
5114 1
5115 1
5116 1
5117 1
5118 1
5102 1
5103 1
5119 1
5120 1
5126 1
5099 1
5100 1
5105 1
5096 1
5128 1
5133 1
5134 1
5135 1
5101 1
3287 1
5136 1
5137 1
5138 1
5139 1
4555 1
5144 1
5146 1
5149 1
5150 1
5151 1
5153 1
3548 1
5158 1
5164 1
5168 1
5169 1
5170 1
5171 1
5172 1
5173 1
5174 1
5176 1
5177 1
5178 1
5179 1
5180 1
5196 1
5201 1
5202 1
5203 1
5204 1
5205 1
5206 1
5207 1
5225 1
5229 1
5230 1
5231 1
5232 1
5233 1
5234 1
5237 1
5239 1
5248 1
5249 1
5250 1
5251 1
5252 1
5253 1
5254 1
5255 1
5257 1
5264 1
5267 1
5268 1
5273 1
5275 1
5276 1
5282 1
5296 1
5297 1
5298 1
5300 1
5302 1
5308 1
5315 1
5331 1
5366 1
5367 1
5368 1
5369 1
5370 1
5371 1
5372 1
5373 1
5374 1
5375 1
5376 1
5377 1
5378 1
5379 1
5380 1
5381 1
5382 1
5384 1
5387 1
5394 1
5396 1
5397 1
5398 1
5399 1
5400 1
5401 1
5402 1
5403 1
5404 1
5406 1
5410 1
5411 1
5412 1
5413 1
5414 1
5415 1
5416 1
5417 1
5418 1
5419 1
5421 1
5422 1
5427 1
5434 1
5435 1
5436 1
5437 1
5438 1
5439 1
5440 1
5441 1
5442 1
5443 1
5448 1
5452 1
5465 1
5466 1
5470 1
5471 1
5472 1
5473 1
5474 1
5475 1
5484 1
5488 1
5489 1
5490 1
5491 1
5494 1
4329 1
5495 1
5496 1
5497 1
5498 1
5499 1
5500 1
5501 1
5502 1
5503 1
5505 1
5506 1
5507 1
5509 1
5510 1
5511 1
5512 1
5513 1
5514 1
5515 1
5516 1
5517 1
5518 1
5521 1
5523 1
5524 1
3611 1
5530 1
5531 1
5532 1
3612 1
5534 1
5535 1
5537 1
3332 1
5539 1
