64 207
84 207
128 207
162 207
184 207
197 207
310 207
334 207
369 207
429 207
432 207
441 207
444 207
449 207
470 207
477 207
480 207
497 207
521 207
542 207
562 207
579 207
612 207
668 207
718 207
705 207
711 207
767 207
792 207
798 207
717 207
788 207
780 207
750 207
778 207
827 207
729 207
812 207
863 207
684 207
917 207
944 207
947 207
926 207
1025 207
1003 207
1046 207
996 207
1119 207
1127 207
1215 207
802 207
1499 207
1504 207
1512 207
1526 207
1529 207
1535 207
1545 207
1564 207
1566 207
1542 207
1546 207
1569 207
1573 207
1557 207
1544 207
1551 207
1587 207
1548 207
1555 207
1577 207
1597 207
1598 207
1601 207
1602 207
1610 207
1611 207
1613 207
1615 207
1617 207
1618 207
1619 207
1622 207
1625 207
1626 207
1631 207
1620 207
1633 207
1628 207
1629 207
1627 207
1630 207
1632 207
1643 207
1639 207
1640 207
1634 207
1637 207
1638 207
1647 207
1636 207
1650 207
1652 207
1651 207
1654 207
1655 207
1656 207
1657 207
1659 207
1658 207
1661 207
1665 207
1666 207
1663 207
1667 207
1664 207
1662 207
1668 207
1669 207
1672 207
1673 207
1674 207
1677 207
1678 207
1680 207
1679 207
1676 207
1684 207
1685 207
1686 207
1681 207
1683 207
1688 207
1689 207
1690 207
1692 207
1693 207
1694 207
1695 207
1691 207
1702 207
1703 207
61 201
132 201
225 201
396 201
434 201
543 201
585 201
595 201
762 201
1134 201
1506 201
1508 201
1513 201
1565 201
1568 201
1575 201
1553 201
1593 201
1581 201
1537 201
1599 201
1538 201
1603 201
1604 201
1616 201
1623 201
1624 201
1641 201
1642 201
1644 201
1645 201
1648 201
1653 201
1649 200
919 194
1163 194
1261 194
1049 194
1084 194
1697 194
1698 194
1696 194
1700 194
1699 194
1701 194
1704 194
1682 194
1671 191
1554 178
1670 178
1712 174
663 163
1660 156
1213 148
1558 145
1549 145
1498 143
1547 143
1584 143
1612 143
1614 143
1514 137
1705 136
1707 136
1201 112
1191 112
1709 112
1710 112
1714 112
324 103
1500 103
1501 103
1502 103
1505 103
1507 103
1509 103
1510 103
1511 103
1517 103
1519 103
1520 103
1521 103
1522 103
1523 103
1524 103
1525 103
1528 103
1530 103
1531 103
1533 103
1556 103
1560 103
1561 103
1562 103
1563 103
1567 103
1559 103
1571 103
1572 103
1532 103
1536 103
1574 103
1534 103
1582 103
1583 103
1543 103
1576 103
1592 103
1590 103
1586 103
1578 103
1595 103
1596 103
1580 103
1600 103
1605 103
1606 103
1585 103
1608 103
1635 103
1713 99
1552 98
1607 93
1706 92
1570 91
804 88
1138 88
1675 88
1708 88
1711 81
1503 77
1515 77
1518 77
1527 77
1541 77
1588 77
1516 76
1550 76
1540 76
1329 68
1539 66
1 63
3 63
4 63
5 63
6 63
7 63
8 63
9 63
10 63
11 63
14 63
15 63
16 63
17 63
18 63
19 63
20 63
22 63
24 63
25 63
26 63
29 63
36 63
37 63
38 63
39 63
40 63
42 63
43 63
45 63
46 63
47 63
49 63
50 63
51 63
52 63
53 63
54 63
55 63
56 63
59 63
60 63
62 63
63 63
65 63
66 63
67 63
68 63
69 63
70 63
71 63
72 63
73 63
74 63
75 63
76 63
77 63
78 63
79 63
80 63
81 63
82 63
83 63
85 63
86 63
87 63
88 63
89 63
91 63
92 63
95 63
96 63
97 63
98 63
99 63
100 63
101 63
102 63
103 63
104 63
105 63
107 63
108 63
109 63
110 63
111 63
112 63
113 63
115 63
116 63
117 63
118 63
119 63
121 63
122 63
123 63
124 63
126 63
130 63
133 63
135 63
138 63
139 63
140 63
143 63
146 63
147 63
148 63
152 63
154 63
155 63
156 63
158 63
161 63
164 63
165 63
167 63
168 63
171 63
172 63
173 63
174 63
176 63
177 63
179 63
180 63
181 63
183 63
185 63
186 63
187 63
188 63
189 63
190 63
191 63
192 63
193 63
194 63
196 63
198 63
199 63
200 63
202 63
203 63
206 63
207 63
209 63
210 63
213 63
214 63
215 63
216 63
217 63
220 63
221 63
222 63
223 63
224 63
226 63
227 63
228 63
230 63
231 63
232 63
233 63
236 63
238 63
240 63
241 63
242 63
243 63
247 63
249 63
250 63
251 63
252 63
253 63
255 63
257 63
258 63
259 63
261 63
262 63
263 63
264 63
268 63
269 63
270 63
271 63
272 63
273 63
274 63
276 63
277 63
278 63
283 63
284 63
285 63
286 63
287 63
292 63
293 63
294 63
295 63
296 63
299 63
300 63
302 63
304 63
306 63
307 63
308 63
309 63
311 63
312 63
314 63
316 63
317 63
318 63
319 63
320 63
321 63
323 63
325 63
326 63
327 63
329 63
330 63
332 63
343 63
346 63
347 63
350 63
351 63
353 63
354 63
355 63
359 63
365 63
366 63
367 63
368 63
370 63
371 63
372 63
373 63
375 63
376 63
378 63
379 63
380 63
381 63
382 63
383 63
386 63
387 63
388 63
390 63
391 63
397 63
403 63
404 63
406 63
408 63
409 63
410 63
412 63
413 63
414 63
416 63
417 63
419 63
420 63
421 63
422 63
424 63
426 63
430 63
431 63
433 63
435 63
436 63
437 63
438 63
439 63
440 63
442 63
443 63
445 63
446 63
447 63
448 63
450 63
451 63
452 63
453 63
454 63
455 63
456 63
457 63
458 63
459 63
460 63
461 63
462 63
463 63
464 63
465 63
466 63
467 63
468 63
469 63
471 63
472 63
473 63
474 63
475 63
478 63
479 63
481 63
482 63
483 63
484 63
485 63
486 63
487 63
488 63
489 63
490 63
491 63
492 63
493 63
494 63
495 63
496 63
499 63
500 63
501 63
502 63
503 63
504 63
505 63
506 63
507 63
508 63
509 63
510 63
511 63
512 63
513 63
515 63
516 63
518 63
519 63
520 63
522 63
523 63
525 63
526 63
528 63
529 63
530 63
532 63
533 63
534 63
535 63
536 63
537 63
538 63
539 63
540 63
541 63
544 63
545 63
546 63
547 63
548 63
549 63
550 63
551 63
552 63
553 63
554 63
555 63
556 63
557 63
558 63
559 63
560 63
561 63
563 63
564 63
565 63
566 63
567 63
568 63
569 63
570 63
571 63
572 63
573 63
574 63
575 63
576 63
577 63
578 63
580 63
581 63
582 63
583 63
584 63
586 63
587 63
588 63
589 63
590 63
591 63
592 63
593 63
594 63
596 63
597 63
598 63
600 63
602 63
603 63
604 63
605 63
607 63
608 63
125 61
127 61
129 61
160 61
212 61
385 61
411 61
418 61
498 61
514 61
524 61
48 60
90 60
106 60
114 60
279 60
282 60
399 60
647 59
93 58
208 58
267 58
288 58
301 58
340 58
691 58
35 57
44 57
131 57
151 57
204 57
218 57
237 57
246 57
260 57
265 57
280 57
291 57
298 57
336 57
348 57
356 57
398 57
407 57
599 57
1594 57
33 56
219 56
476 56
601 56
352 55
531 55
1609 55
157 52
364 50
517 50
625 50
611 50
627 50
621 50
633 50
634 50
628 50
630 50
623 50
622 50
638 50
610 50
641 50
658 50
669 50
639 50
640 50
654 50
655 50
676 50
678 50
629 50
619 50
677 50
674 50
648 50
631 50
687 50
644 50
649 50
646 50
637 50
617 50
667 50
620 50
681 50
666 50
645 50
673 50
650 50
665 50
615 50
675 50
685 50
683 50
679 50
609 50
614 50
686 50
613 50
636 50
635 50
662 50
699 50
722 50
723 50
703 50
724 50
700 50
696 50
727 50
744 50
728 50
695 50
693 50
732 50
618 50
694 50
755 50
708 50
680 50
734 50
697 50
741 50
766 50
751 50
616 50
712 50
660 50
758 50
749 50
761 50
698 50
768 50
739 50
689 50
736 50
713 50
757 50
710 50
752 50
726 50
720 50
738 50
745 50
652 50
716 50
719 50
651 50
721 50
756 50
671 50
701 50
787 50
807 50
813 50
823 50
818 50
774 50
793 50
810 50
831 50
834 50
702 50
838 50
844 50
845 50
782 50
796 50
797 50
805 50
808 50
709 50
763 50
775 50
785 50
799 50
837 50
770 50
800 50
784 50
791 50
847 50
753 50
779 50
730 50
783 50
776 50
786 50
814 50
825 50
849 50
777 50
781 50
829 50
828 50
790 50
817 50
771 50
832 50
833 50
854 50
850 50
809 50
819 50
801 50
848 50
821 50
664 50
816 50
830 50
773 50
815 50
836 50
826 50
841 50
824 50
764 50
772 50
842 50
846 50
855 50
851 50
794 50
769 50
820 50
811 50
858 50
859 50
857 50
861 50
862 50
879 50
873 50
874 50
891 50
840 50
866 50
860 50
864 50
883 50
887 50
869 50
892 50
902 50
871 50
875 50
895 50
865 50
884 50
867 50
899 50
868 50
843 50
852 50
789 50
889 50
856 50
870 50
896 50
890 50
905 50
906 50
912 50
913 50
914 50
915 50
916 50
907 50
908 50
927 50
934 50
893 50
877 50
933 50
886 50
925 50
950 50
909 50
920 50
930 50
885 50
924 50
938 50
954 50
948 50
942 50
921 50
961 50
975 50
981 50
984 50
960 50
985 50
941 50
759 50
959 50
903 50
606 49
659 49
746 49
704 49
888 49
898 49
911 49
901 49
937 49
910 49
929 49
951 49
922 49
946 49
923 49
949 49
918 49
795 49
939 49
931 49
943 49
945 49
962 49
971 49
987 49
958 49
968 49
970 49
977 49
936 49
990 49
988 49
986 49
1010 49
1005 49
1009 49
978 49
853 49
881 48
952 48
806 48
928 48
957 48
956 48
976 48
973 48
982 48
964 48
989 48
979 48
995 48
966 48
983 48
974 48
969 48
991 48
997 48
993 48
965 48
998 48
1013 48
1012 48
1018 48
1019 48
953 48
1008 48
1024 48
1001 48
1002 48
1017 48
1011 48
1042 48
1015 48
1039 48
955 48
992 48
1028 48
1022 48
1047 48
1020 48
1006 48
1031 48
1016 48
1051 48
1029 48
1030 48
1021 48
1041 48
1014 48
1040 48
1043 48
1050 48
994 48
1004 48
1027 48
1068 48
1116 48
1060 48
1114 48
1007 48
1130 48
1055 48
1056 48
1075 48
1115 48
1136 48
1140 48
1141 48
1142 48
1143 48
1151 48
1036 48
1076 48
1090 48
1112 48
1063 48
1058 48
1113 48
1154 48
1078 48
1070 48
1089 48
1129 48
1124 48
1156 48
1105 48
1110 48
1099 48
1117 48
1080 48
1062 48
1064 48
1081 48
1083 48
1096 48
1109 48
1118 48
1148 48
1155 48
1073 48
1137 48
1128 48
1107 48
1101 48
1108 48
1158 48
1120 48
1026 48
1048 48
1054 48
1122 48
1000 48
1087 48
1104 48
1161 48
1106 48
1135 48
1139 48
1162 48
1066 48
1059 48
1092 48
1123 48
1164 48
1074 48
900 48
1038 48
1044 48
1045 48
1133 48
1102 48
1069 48
1079 48
1057 48
1100 48
1126 48
1091 48
1147 48
1153 48
1072 48
1144 48
1098 48
1159 48
1167 48
1093 48
1034 48
1168 48
1169 48
1170 48
1195 48
1125 48
1207 48
1173 48
1182 48
1209 48
1177 48
1214 48
1216 48
1217 48
1206 48
1121 48
1199 48
1221 48
1184 48
1220 48
1224 48
1190 48
1233 48
1211 48
1232 48
1234 48
1235 48
1205 48
1212 48
1165 48
1171 48
1186 48
1247 48
1248 48
1200 48
1204 48
1223 48
1176 48
1179 48
1198 48
1175 48
1197 48
1237 48
1210 48
1226 48
1244 48
1240 48
1238 48
1146 48
1202 48
1178 48
1150 48
1228 48
1229 48
1188 48
1183 48
1219 48
1283 48
1301 48
1260 48
1289 48
1277 48
1303 48
1309 48
1269 48
1279 48
1286 48
1294 48
1304 48
1259 48
1267 48
1272 48
1291 48
1306 48
1314 48
1292 48
1295 48
1313 48
1324 48
1285 48
1268 48
1326 48
1284 48
1311 48
1192 48
1278 48
1280 48
1316 48
1166 48
1246 48
1270 48
1061 48
1264 48
1275 48
1302 48
1307 48
1322 48
1332 48
1300 48
1335 48
1330 48
1249 48
1250 48
1299 48
1317 48
1174 48
1185 48
1193 48
1266 48
1274 48
1325 48
1263 48
1262 48
1281 48
1258 48
1288 48
1336 48
1236 48
1282 48
1312 48
1308 48
1290 48
1265 48
1293 48
1297 48
1305 48
1194 48
1243 48
1319 48
1323 48
1333 48
1187 48
1339 48
1256 48
1341 48
1342 48
1343 48
1354 48
1355 48
1356 48
1357 48
1358 48
1359 48
1360 48
1361 48
1362 48
1298 48
1344 48
1346 48
1254 48
1351 48
1257 48
1349 48
1366 48
1348 48
1364 48
1369 48
1222 48
1331 48
1363 48
1372 48
1347 48
1352 48
1365 48
1375 48
1377 48
1271 48
1310 48
1327 48
1337 48
1381 48
1350 48
1273 48
1374 48
1367 48
1383 48
1334 48
1345 48
1373 48
1321 48
1379 48
1376 48
1276 48
1380 48
1353 48
1385 48
1386 48
1393 48
1400 48
1408 48
1401 48
1406 48
1410 48
1391 48
1392 48
1411 48
1390 48
1387 48
1399 48
1378 48
1414 48
1394 48
1371 48
1430 48
1225 48
1405 48
1389 48
1470 48
1420 48
1318 48
1441 48
740 47
980 47
1033 47
657 46
735 46
822 46
999 46
972 45
1245 45
1370 45
235 44
835 44
141 43
1077 43
1296 43
1368 43
1398 42
1412 42
1416 42
1396 42
1403 42
1415 42
1404 42
1402 42
41 41
136 41
384 41
672 41
670 41
747 41
760 41
742 41
643 41
1443 41
1449 41
1461 41
1450 41
1473 41
1437 41
661 41
2 40
12 40
13 40
27 40
30 40
32 40
34 40
57 40
58 40
94 40
120 40
137 40
142 40
144 40
150 40
159 40
169 40
170 40
178 40
182 40
195 40
201 40
229 40
266 40
281 40
303 40
315 40
333 40
335 40
342 40
357 40
361 40
377 40
389 40
394 40
400 40
423 40
632 40
714 40
1088 40
1384 40
1407 40
1409 40
1388 40
1413 40
1419 40
1417 40
1425 40
1431 40
1477 40
21 39
23 39
28 39
31 39
134 39
145 39
205 39
248 39
290 39
297 39
305 39
313 39
328 39
360 39
374 39
401 39
707 39
872 39
1023 39
1085 39
1418 39
1397 39
1421 39
1460 39
1433 39
1492 39
349 38
1131 38
1203 38
1253 38
1423 38
1181 38
1172 38
1591 38
149 37
153 37
166 37
175 37
211 37
234 37
244 37
254 37
256 37
275 37
289 37
322 37
331 37
338 37
339 37
341 37
345 37
358 37
363 37
395 37
402 37
405 37
425 37
427 37
882 37
1071 37
1067 37
1494 37
1149 37
940 36
894 36
656 35
748 35
715 35
1382 35
239 34
337 34
1065 34
1196 34
1230 34
1189 34
1427 34
626 33
682 33
1082 33
1086 33
1111 33
1579 33
245 32
692 32
1094 32
1095 32
1103 32
1053 32
1132 32
1180 32
1208 32
1255 32
1287 32
1482 32
876 32
1424 31
1434 31
803 31
1152 31
731 30
706 30
839 30
967 30
1052 30
1328 30
733 29
743 29
754 29
963 29
1157 29
1340 29
1429 29
1456 29
1438 29
344 28
362 28
932 28
1442 28
1445 28
1462 28
1466 28
1455 28
1451 28
935 27
1315 27
1426 27
1395 27
1459 27
1435 27
527 26
1251 26
1428 26
1463 26
1474 26
1422 26
1475 26
1452 26
1440 26
1458 26
1468 26
1621 26
1252 25
624 25
1476 25
880 24
1432 24
1457 24
1465 24
1446 24
1472 24
1715 24
1160 23
1478 23
1439 23
1447 23
1436 23
1448 23
1486 23
1495 23
1218 23
1469 23
1485 23
393 22
428 22
737 22
1227 22
1453 22
1488 22
1035 22
1487 22
765 21
1464 21
1467 21
1454 21
1493 21
1097 21
1483 21
1716 21
1338 20
1480 20
1471 20
1479 20
1489 20
1444 20
1242 20
1241 19
1231 19
1239 19
1145 17
1491 17
725 16
1032 16
1490 16
878 15
1481 15
1320 14
642 13
1589 13
653 12
163 11
1497 11
1496 10
1037 10
1687 10
688 9
897 6
904 5
415 4
1646 4
392 2
1484 2
1718 2
1717 2
690 1
