2 74
5 74
1 74
8 74
9 74
10 74
3 74
4 74
16 74
17 74
20 74
18 74
25 74
23 74
24 74
31 74
27 74
32 74
33 74
34 74
40 74
45 74
46 74
43 74
35 74
41 74
36 74
37 74
48 74
54 74
55 74
50 74
56 74
57 74
61 74
59 74
63 74
68 74
65 74
66 74
70 74
64 74
67 74
72 74
71 74
73 74
75 74
76 74
80 74
81 74
78 74
79 74
87 74
82 74
83 74
84 74
85 74
86 74
89 74
95 74
91 74
92 74
100 74
98 74
99 74
101 74
102 74
103 74
104 74
108 74
111 74
114 74
117 74
118 74
119 74
120 74
121 74
124 74
125 74
123 74
126 74
129 74
130 74
127 74
132 74
135 74
133 74
134 74
137 74
136 74
140 74
138 74
141 74
142 74
148 74
147 74
146 74
144 74
145 74
149 74
150 74
153 74
157 74
158 74
161 74
164 74
166 74
167 74
163 74
170 74
173 74
172 74
171 74
174 74
176 74
177 74
179 74
180 74
182 74
184 74
187 74
188 74
186 74
190 74
193 74
191 74
192 74
194 74
195 74
197 74
198 74
199 74
200 74
205 74
208 74
207 74
210 74
211 74
214 74
221 74
220 74
222 74
223 74
224 74
227 74
231 74
234 74
236 74
15 73
13 73
14 73
19 73
128 73
169 73
175 73
183 73
240 73
69 72
28 71
42 71
47 71
60 71
62 71
58 71
156 71
181 71
185 71
225 71
232 71
29 70
97 70
112 70
204 70
209 70
217 70
218 70
30 69
235 69
38 66
51 66
105 65
106 65
131 65
39 64
52 64
74 64
109 64
107 64
155 64
242 64
201 62
49 61
90 61
159 61
143 58
151 58
160 58
213 58
216 58
154 55
162 54
202 54
203 54
212 54
219 54
215 54
226 54
229 54
230 54
53 53
196 53
94 51
165 51
113 50
206 50
93 49
139 45
178 45
88 43
11 42
6 42
168 42
26 41
44 41
189 41
12 40
7 40
21 40
22 40
110 40
115 40
116 40
122 40
152 40
228 40
233 40
239 37
241 36
237 34
238 34
77 28
96 28
