9 39
11 39
41 39
42 39
28 39
29 39
7 39
8 39
32 39
33 39
16 39
17 39
36 39
37 39
4 39
47 39
48 39
61 39
38 39
66 39
76 39
70 39
64 39
65 39
85 39
86 39
91 39
92 39
94 39
97 39
101 39
107 39
108 39
114 39
115 39
116 39
117 39
121 39
130 39
127 39
133 39
136 39
141 39
142 39
144 39
145 39
166 39
172 39
202 39
205 39
258 39
265 39
268 39
269 39
272 39
276 39
281 39
280 39
285 39
287 39
288 39
299 39
301 39
303 39
305 39
292 38
291 37
293 37
273 36
18 35
20 35
13 35
10 35
5 35
6 35
89 35
104 35
105 35
112 35
113 35
134 35
150 35
218 35
219 35
216 35
217 35
226 35
229 35
235 35
243 35
249 35
259 35
262 35
298 35
313 35
316 35
12 34
1 32
2 32
25 32
26 32
55 32
56 32
57 32
58 32
59 32
60 32
14 32
15 32
30 32
31 32
51 32
49 32
3 32
43 32
21 32
22 32
27 32
75 32
71 32
63 32
72 32
73 32
78 32
77 32
79 32
82 32
83 32
80 32
81 32
84 32
87 32
88 32
90 32
98 32
99 32
100 32
102 32
103 32
106 32
111 32
118 32
124 32
125 32
126 32
122 32
131 32
128 32
132 32
135 32
138 32
139 32
149 32
152 32
153 32
155 32
161 32
163 32
167 32
170 32
171 32
174 32
173 32
175 32
176 32
177 32
178 32
179 32
181 32
184 32
186 32
187 32
191 32
188 32
189 32
195 32
194 32
196 32
197 32
198 32
206 32
209 32
220 32
221 32
222 32
228 32
225 32
232 32
230 32
241 32
239 32
236 32
237 32
247 32
245 32
261 32
264 32
266 32
267 32
271 32
277 32
279 32
286 32
302 32
312 32
317 32
318 32
321 32
323 32
74 31
93 31
109 31
159 31
169 31
210 31
140 30
193 30
290 30
320 30
45 29
53 29
182 29
183 29
201 29
252 29
306 29
180 28
231 28
246 28
251 28
300 28
35 27
123 27
147 27
148 27
151 27
192 27
199 27
207 27
224 27
238 27
244 27
256 27
263 27
284 27
296 27
297 27
326 27
62 26
110 25
203 25
211 25
213 25
215 25
214 25
223 25
227 25
254 25
52 24
54 24
67 24
95 24
158 24
208 24
233 24
248 24
255 24
275 24
294 24
314 24
19 23
185 23
212 23
274 23
309 23
50 22
234 22
250 22
253 22
257 22
282 22
310 22
311 22
39 21
40 21
270 21
278 21
23 20
24 20
119 20
120 20
146 20
154 20
162 20
168 20
260 20
283 20
46 19
44 19
68 19
157 19
156 19
164 19
200 19
242 19
295 19
96 18
34 16
69 16
129 16
304 16
324 16
143 15
165 15
307 15
204 14
137 13
322 12
160 11
327 10
315 9
190 8
319 8
289 6
240 5
308 4
325 2
