1255 706
865 706
1254 706
152 706
271 706
505 706
1451 706
1215 706
2343 706
285 706
829 706
1018 706
1016 706
567 706
861 706
1253 706
48 706
14 706
18 706
1027 706
43 706
49 706
214 706
179 706
875 706
876 706
154 706
553 706
1256 706
140 706
1334 706
2348 706
1757 706
2420 706
503 706
211 706
139 706
339 706
539 706
331 706
2349 706
194 706
2222 706
874 706
1222 706
1526 706
60 706
1012 706
2438 706
137 706
1347 706
165 706
1204 706
551 706
569 706
1767 706
1762 706
229 706
1021 694
1882 694
1703 691
2350 688
1326 644
548 620
166 613
26 610
159 610
2426 585
1644 550
1386 550
57 542
2342 530
2492 530
134 530
492 530
1025 505
1033 502
1919 502
4 482
461 482
571 476
1899 476
126 470
246 470
573 462
31 453
11 449
2400 449
227 436
312 424
294 416
173 410
21 401
85 379
446 379
1202 379
303 379
2221 379
62 370
2260 366
20 362
1632 362
283 362
499 356
199 348
468 346
470 344
819 344
481 344
120 342
93 342
68 338
1376 338
1378 333
234 326
135 320
570 320
2313 313
2340 313
1645 305
10 305
1476 305
1554 305
860 304
2345 304
36 300
2314 300
86 300
1381 300
2365 300
308 300
105 300
262 300
192 300
501 300
88 300
42 300
1705 300
44 300
12 300
2384 300
223 300
224 300
1385 300
181 298
278 298
215 296
2391 292
2412 291
1217 290
604 290
1235 290
1216 278
189 278
2557 278
50 275
1210 275
47 275
132 275
529 275
80 272
523 272
854 272
280 271
323 271
1769 270
16 266
533 266
2388 263
242 263
940 263
2408 263
1354 260
2413 256
2427 254
299 254
2344 253
1373 252
248 252
969 250
1499 250
259 250
2435 250
1339 250
864 247
1659 244
1653 244
452 243
2421 242
1007 242
94 239
1667 239
1392 237
1598 235
2277 230
219 230
2383 223
124 222
1213 222
590 221
1633 220
352 220
108 218
284 217
2368 216
1212 216
2432 216
2 216
459 216
38 216
2442 216
15 216
1751 216
1784 216
821 211
460 211
276 208
241 206
188 206
1 206
1823 206
272 203
1035 202
517 202
238 200
317 198
2430 197
526 195
1593 194
45 194
1244 194
332 194
1547 194
222 194
22 194
857 191
1676 188
1509 188
220 188
598 188
1226 188
129 188
1218 188
301 188
1876 188
2330 187
2334 187
180 187
2546 184
1448 184
293 183
458 183
1766 183
607 182
506 182
1504 182
498 182
341 179
69 178
1237 178
1496 178
1987 177
1552 176
386 175
520 175
576 173
818 172
1219 171
1044 169
1453 167
340 167
1605 165
776 165
928 164
1720 163
979 163
2022 162
2030 162
608 161
1003 161
2524 160
1111 157
1493 157
1456 156
1199 156
530 156
504 156
210 156
141 155
768 155
2376 152
2357 152
1036 152
1410 152
51 152
371 152
825 152
606 150
1935 149
2070 149
2367 148
2558 148
1544 147
1543 147
1982 147
1019 146
1650 145
350 145
717 144
2380 144
1361 144
1771 144
2008 144
39 143
121 143
1878 143
2364 143
444 143
2317 141
232 140
858 139
1603 139
2378 139
847 139
652 137
59 136
353 136
2289 136
524 136
572 136
5 135
396 135
58 134
1056 134
55 133
81 133
1475 132
978 131
263 130
457 130
2369 129
83 128
133 127
235 127
1046 127
237 127
163 127
2316 123
216 123
514 123
107 123
920 123
385 122
495 121
112 120
1452 120
2351 120
2545 118
1592 117
265 117
451 117
322 117
2425 116
1658 116
537 116
849 116
1680 115
1630 115
175 115
305 115
454 115
724 114
327 114
582 113
1548 113
3 112
853 112
1729 112
892 110
678 110
228 110
1454 109
515 108
546 108
1839 108
1510 107
1613 107
127 106
612 105
483 104
600 102
1521 102
879 101
1539 101
17 101
2320 101
251 100
584 100
1587 100
1579 98
1730 96
1490 96
426 95
1194 95
226 94
602 94
1820 94
2547 94
999 93
1523 93
131 92
1048 92
2396 92
1469 92
273 91
2211 91
2444 91
1735 90
347 90
297 90
977 90
2374 88
748 87
544 87
532 86
257 85
1132 85
330 85
1203 85
1538 85
1320 84
991 84
336 83
394 83
98 82
292 82
349 82
971 82
310 80
1483 80
1193 80
1478 80
2346 79
2217 79
1859 79
855 78
2353 78
2359 78
563 77
1283 77
1892 77
1636 76
594 76
597 76
531 76
609 76
2386 75
46 74
32 74
138 74
1227 72
2212 72
318 72
967 72
1214 72
149 72
938 72
1208 72
1167 72
2431 71
2404 71
1312 70
562 70
1738 70
2443 69
71 69
2414 69
1503 69
2437 69
846 68
1714 68
1052 68
2446 68
136 68
1910 68
1179 67
1832 67
204 67
1817 67
1008 66
1706 66
484 66
585 66
1555 66
424 66
1844 66
390 65
384 65
698 65
2223 65
1431 65
1139 65
1485 65
212 65
23 65
1015 65
985 65
2288 64
176 64
335 62
937 62
1303 62
2335 62
1655 62
1809 62
1880 62
2323 61
2244 61
512 61
2193 61
2394 61
1065 61
654 61
815 61
813 61
2450 61
2445 61
1977 61
2328 61
1833 61
1420 61
1164 61
1221 61
651 61
2311 61
1530 61
866 60
2259 60
87 60
143 60
1014 60
476 60
441 60
1992 60
848 60
440 59
2529 59
480 59
164 59
993 59
6 59
168 59
2352 59
525 58
770 58
591 57
943 56
955 56
100 56
1486 56
914 55
456 55
877 55
1473 54
2183 54
1782 54
1170 54
1925 54
1745 54
941 53
2401 53
1424 53
911 53
77 52
1869 52
1562 52
656 52
519 52
1834 52
644 52
1578 52
1251 52
1907 52
1986 52
1976 52
2031 52
2508 52
158 51
2354 51
942 51
425 51
568 51
2389 51
1540 50
1000 50
2113 50
1324 49
586 49
1569 49
2290 49
1577 49
2286 48
366 48
1185 48
1573 48
1747 48
329 48
959 48
13 48
76 48
893 48
115 48
681 48
2307 47
518 47
267 47
1778 47
1763 47
1900 47
255 46
416 46
1182 46
415 46
372 46
2451 46
944 46
358 46
1344 46
1805 46
1883 46
1529 45
82 45
1211 45
110 44
78 44
1535 44
605 44
1450 44
1687 44
119 44
2189 44
409 44
593 44
2417 44
1050 44
1748 43
95 43
1837 43
92 43
2495 43
1963 43
169 42
759 42
2433 42
1318 42
1317 42
1514 42
35 42
200 42
624 42
1740 42
1700 42
178 42
1850 42
2034 42
1588 41
1487 41
290 41
125 41
1461 41
601 41
1178 41
2005 41
393 40
750 40
97 40
1109 40
417 40
2089 40
2179 39
27 39
521 39
245 39
578 39
300 39
556 39
1611 39
412 38
345 38
1240 38
1726 38
706 38
970 38
1474 38
589 38
2462 38
233 38
130 38
2117 38
1574 37
1030 37
313 37
1804 37
694 37
1572 37
1854 37
1417 37
2329 37
986 37
1642 37
2466 37
1965 37
2029 37
2026 37
766 36
2287 36
921 36
1536 35
690 35
1565 35
559 35
337 35
315 35
1028 35
2440 35
1881 35
895 34
655 34
645 34
99 34
1107 34
256 34
542 34
1350 34
195 33
1825 33
213 33
1245 33
274 33
2214 33
884 33
689 33
67 33
410 33
2381 33
1764 33
1606 33
1648 33
1891 33
1858 33
2099 33
1258 32
1775 32
1733 32
2315 32
1818 32
1207 32
1319 32
2366 32
1034 32
1581 32
359 32
1684 32
981 32
1628 32
1171 31
757 31
1383 31
428 31
1994 31
2110 31
975 30
1550 30
1363 30
2358 30
1209 30
162 30
805 30
987 30
177 30
2310 30
1756 30
964 30
789 30
715 30
541 30
209 30
1988 30
2055 30
2077 30
2111 30
1737 29
1710 29
1471 29
1491 29
901 29
1568 29
1345 29
676 29
1675 29
356 29
1331 29
1723 29
980 29
1708 29
2188 28
66 28
673 28
2385 28
392 28
1836 28
1192 28
1865 28
1349 28
1512 28
2053 28
201 27
1694 27
1360 27
1153 27
1389 27
1316 27
2542 27
1525 27
781 27
1234 27
1802 27
2341 27
2441 27
1125 27
33 27
2518 27
1932 27
1958 27
1128 26
1793 26
653 26
2234 26
522 26
1313 26
1336 26
1041 26
2048 26
346 26
70 26
190 26
1937 26
925 25
1718 25
1330 25
2209 25
1075 25
1096 25
1713 25
471 25
8 25
1853 25
1306 24
882 24
1275 24
239 24
466 24
30 24
916 24
709 24
2416 24
243 24
1467 24
2258 24
153 24
2360 24
1885 24
2041 24
1327 23
945 23
1158 23
113 23
666 23
725 23
1408 23
1610 23
1500 23
2198 23
688 23
2230 23
1576 23
1709 23
75 23
508 23
1238 23
535 23
2283 23
1604 23
1810 23
870 23
1736 23
1970 23
685 22
264 22
995 22
1712 22
1180 22
1038 22
1205 22
2370 22
438 22
927 22
625 22
281 22
1845 22
610 21
1388 21
2306 21
19 21
1477 21
1162 21
1265 21
1695 21
2419 21
374 21
443 21
472 21
365 21
1755 21
2363 21
1110 21
1843 21
1861 21
1971 21
2094 21
2163 21
719 20
2253 20
887 20
1293 20
298 20
992 20
2402 20
1108 20
897 20
1346 20
2024 20
1533 20
1815 20
1169 20
1080 20
1942 20
2072 20
794 19
1895 19
183 19
407 19
1545 19
478 19
1124 19
1734 19
915 19
1117 19
603 19
400 19
1150 19
883 19
2411 19
369 19
408 19
403 19
1955 19
2347 19
2483 19
2069 19
2186 18
1069 18
1419 18
734 18
1353 18
1792 18
675 18
902 18
1188 18
1071 18
1693 18
114 18
1260 18
599 18
2395 18
2231 18
682 18
320 18
316 18
1725 18
650 18
1583 18
2504 18
128 18
2405 18
2515 18
1092 18
79 17
2267 17
1058 17
490 17
946 17
545 17
2325 17
24 17
889 17
953 17
1580 17
1088 17
2454 17
2355 17
1962 17
1200 17
1765 17
1640 17
2067 17
2521 17
1054 16
1224 16
1688 16
1259 16
2285 16
193 16
198 16
2434 16
574 16
207 16
1612 16
2262 16
2197 16
536 16
1391 16
1773 16
1123 16
1643 16
1102 15
1084 15
2424 15
321 15
1037 15
958 15
473 15
217 15
1439 15
871 15
966 15
773 15
111 15
2294 15
2309 15
616 15
913 15
614 15
1382 15
852 15
103 15
1918 15
145 15
467 15
1947 15
2147 15
1753 14
2184 14
1294 14
150 14
7 14
733 14
699 14
2182 14
2296 14
1447 14
1665 14
2333 14
28 14
2190 14
196 14
2185 14
711 14
1616 14
487 14
122 14
2254 14
777 14
1949 14
2042 14
2108 14
990 13
1332 13
896 13
1770 13
1043 13
482 13
2204 13
1812 13
1395 13
1759 13
2046 13
1816 13
700 13
1631 13
2291 13
2263 13
174 13
1405 13
2312 13
1814 13
662 13
900 13
231 13
1328 13
1607 13
786 13
1788 13
1416 13
2484 13
1905 13
1190 13
2012 13
1690 13
2103 13
2115 13
2156 13
1186 12
1173 12
1508 12
1731 12
1564 12
1322 12
29 12
1087 12
1090 12
1115 12
907 12
2423 12
1728 12
2439 12
1515 12
252 12
40 12
859 12
2468 12
2257 12
2460 12
1889 12
761 12
1586 12
1957 12
2379 12
2045 12
1619 12
2509 12
797 11
1584 11
2201 11
1166 11
632 11
930 11
344 11
1663 11
1678 11
1020 11
811 11
161 11
1732 11
1446 11
780 11
1641 11
2477 11
1585 11
1396 11
2453 11
1413 11
2261 11
2457 11
477 11
368 11
1780 11
1790 11
1776 11
348 11
2487 11
1893 11
1093 11
1146 11
1670 11
1423 10
2449 10
1596 10
820 10
1575 10
277 10
437 10
903 10
677 10
1462 10
187 10
197 10
1061 10
1502 10
326 10
291 10
862 10
1656 10
2452 10
184 10
1113 10
617 10
1384 10
1838 10
91 10
1402 10
1662 10
989 10
1511 10
1497 10
2493 10
2497 10
2507 10
814 10
1936 10
1597 10
2227 10
2539 10
1997 10
2083 10
2121 10
2065 10
2078 10
2134 10
2192 9
2218 9
1062 9
634 9
1355 9
1241 9
664 9
474 9
436 9
172 9
767 9
1002 9
671 9
429 9
1051 9
702 9
1270 9
1011 9
2321 9
1297 9
448 9
1495 9
1072 9
1340 9
203 9
462 9
2036 9
419 9
1081 9
1401 9
74 9
2324 9
2470 9
547 9
1321 9
926 9
739 9
561 9
1045 9
488 9
1042 9
1594 9
2482 9
647 9
1975 9
1862 9
2143 9
1702 8
2210 8
851 8
1243 8
2549 8
1341 8
538 8
1277 8
1699 8
73 8
1436 8
109 8
631 8
1679 8
1083 8
1357 8
680 8
1130 8
1915 8
1591 8
1437 8
1409 8
402 8
1489 8
1089 8
387 8
2361 8
737 8
2301 8
1236 8
2490 8
2485 8
2028 8
2500 8
2088 8
2091 8
144 7
2373 7
1582 7
1425 7
1304 7
2472 7
1434 7
1481 7
2256 7
2200 7
962 7
798 7
355 7
253 7
2393 7
663 7
560 7
2242 7
905 7
2252 7
714 7
534 7
620 7
956 7
1870 7
269 7
881 7
1144 7
587 7
1758 7
382 7
2308 7
186 7
1239 7
509 7
1077 7
1375 7
1369 7
1407 7
1257 7
1711 7
1522 7
765 7
1013 7
1403 7
2331 7
747 7
575 7
965 7
577 7
722 7
1067 7
41 7
1686 7
2377 7
2512 7
627 7
712 7
868 7
1267 7
2540 7
1951 7
2473 7
2035 7
1570 7
1649 7
2173 7
1973 7
2101 7
1147 6
65 6
947 6
755 6
1274 6
1794 6
351 6
705 6
1172 6
888 6
728 6
1494 6
2519 6
1352 6
640 6
334 6
1351 6
1068 6
1959 6
1399 6
1697 6
333 6
658 6
1118 6
973 6
994 6
1287 6
1796 6
1438 6
1696 6
307 6
191 6
1786 6
579 6
218 6
642 6
910 6
1660 6
832 6
1692 6
1999 6
745 6
493 6
732 6
170 6
2533 6
788 6
266 6
1852 6
2132 6
2275 6
2326 6
1752 6
2387 6
886 6
669 6
1248 6
244 6
1397 6
558 6
808 6
343 6
2503 6
354 6
1233 6
1276 6
2032 6
1749 6
1983 6
2530 6
2039 6
2057 6
388 6
2116 6
2122 6
2149 6
1563 5
727 5
254 5
898 5
2403 5
1484 5
373 5
1847 5
1721 5
84 5
34 5
507 5
1278 5
1291 5
1066 5
583 5
867 5
399 5
1148 5
2019 5
397 5
588 5
1152 5
230 5
615 5
1704 5
2264 5
834 5
670 5
1626 5
2213 5
1657 5
2202 5
801 5
543 5
1136 5
2281 5
2280 5
401 5
751 5
704 5
891 5
1549 5
142 5
2318 5
824 5
1189 5
633 5
1026 5
919 5
1053 5
1196 5
1230 5
2489 5
1261 5
1302 5
52 5
1618 5
2516 5
2268 5
1952 5
1954 5
730 5
2392 5
951 5
1941 5
221 5
1280 5
830 5
1094 5
1106 5
952 5
1842 5
1990 5
1888 5
1948 5
1201 5
1743 5
1724 5
827 5
2436 5
2071 5
1599 5
2114 5
909 4
1154 4
890 4
1134 4
1370 4
2550 4
118 4
1470 4
1791 4
1095 4
1225 4
754 4
1005 4
635 4
1797 4
2215 4
2448 4
1009 4
2195 4
933 4
2456 4
660 4
2176 4
104 4
422 4
1177 4
1105 4
1366 4
1458 4
1271 4
304 4
1082 4
1348 4
2208 4
983 4
398 4
1140 4
1100 4
319 4
1133 4
2250 4
1175 4
1119 4
1827 4
596 4
822 4
1371 4
516 4
376 4
649 4
743 4
1246 4
2251 4
295 4
185 4
1855 4
1894 4
1546 4
2488 4
863 4
1685 4
746 4
2514 4
25 4
56 4
2522 4
2486 4
1266 4
1921 4
850 4
580 4
2506 4
1967 4
279 4
367 4
2407 4
929 4
1871 4
1938 4
626 4
2496 4
2004 4
2006 4
2459 4
2037 4
2044 4
2025 4
2165 4
1960 4
1944 4
2537 4
996 3
2531 3
1482 3
2196 3
908 3
2265 3
540 3
1835 3
1661 3
53 3
1195 3
1017 3
1247 3
102 3
1691 3
2181 3
1761 3
378 3
64 3
2455 3
1311 3
692 3
1073 3
630 3
799 3
2406 3
1161 3
2418 3
1099 3
445 3
311 3
1800 3
2338 3
1031 3
1783 3
447 3
2187 3
450 3
988 3
1472 3
1183 3
2177 3
557 3
752 3
1459 3
1429 3
182 3
679 3
1864 3
479 3
2479 3
723 3
250 3
1916 3
1288 3
769 3
1289 3
924 3
2362 3
1444 3
873 3
1149 3
1498 3
2390 3
1822 3
619 3
309 3
1022 3
2238 3
202 3
1252 3
328 3
648 3
500 3
885 3
1666 3
1337 3
411 3
1412 3
2276 3
1879 3
338 3
205 3
160 3
2469 3
1887 3
1091 3
1807 3
2272 3
772 3
668 3
1394 3
787 3
486 3
208 3
1930 3
1191 3
2059 3
641 3
674 3
1920 3
1980 3
1595 3
1929 3
1993 3
710 3
2233 3
2240 3
2038 3
2003 3
2534 3
2415 3
1647 3
1903 3
2513 3
823 3
708 3
837 3
2075 3
1961 3
1176 3
464 3
904 3
2097 3
2074 3
2068 3
1917 3
2076 3
2073 3
2131 3
2100 3
2140 3
2137 3
1625 3
2027 3
2136 3
843 2
1141 2
1465 2
880 2
2372 2
1122 2
1806 2
1799 2
2248 2
2229 2
1772 2
1744 2
957 2
972 2
1877 2
740 2
968 2
1463 2
363 2
1846 2
1557 2
1602 2
697 2
1314 2
287 2
1286 2
1455 2
2471 2
695 2
527 2
2205 2
1006 2
842 2
1301 2
306 2
2255 2
1390 2
2297 2
434 2
1078 2
2228 2
948 2
954 2
872 2
2086 2
497 2
1719 2
258 2
2237 2
657 2
817 2
1872 2
1049 2
1464 2
2555 2
1309 2
738 2
1262 2
997 2
432 2
1272 2
1187 2
2428 2
1928 2
1004 2
1840 2
1393 2
418 2
735 2
790 2
1427 2
296 2
302 2
1542 2
147 2
1181 2
1629 2
1001 2
637 2
1768 2
742 2
931 2
1600 2
1672 2
391 2
1098 2
361 2
1114 2
2020 2
1282 2
2246 2
2224 2
268 2
1060 2
1101 2
282 2
414 2
1411 2
936 2
370 2
1527 2
123 2
2239 2
54 2
1617 2
155 2
2548 2
2494 2
2014 2
2304 2
1518 2
1746 2
261 2
2319 2
206 2
2491 2
1333 2
1168 2
9 2
37 2
1614 2
835 2
465 2
1849 2
1884 2
413 2
729 2
2245 2
749 2
489 2
1966 2
1741 2
1137 2
1984 2
1264 2
1516 2
502 2
1492 2
856 2
1449 2
2371 2
1922 2
1571 2
1934 2
1902 2
2499 2
1023 2
1857 2
289 2
2528 2
1126 2
2040 2
1229 2
1637 2
1950 2
511 2
528 2
659 2
1750 2
1296 2
1160 2
151 2
2520 2
2010 2
760 2
643 2
1860 2
2556 2
1145 2
2054 2
2541 2
1442 2
2064 2
564 2
1624 2
1566 2
2128 2
2127 2
1943 2
1284 2
2146 2
2090 2
2409 2
1404 2
1669 2
2139 2
2166 2
2148 2
2298 1
976 1
807 1
106 1
636 1
1116 1
1513 1
549 1
1742 1
998 1
325 1
802 1
377 1
101 1
1163 1
1873 1
324 1
2203 1
2225 1
1292 1
1821 1
2270 1
2216 1
2467 1
1120 1
628 1
491 1
1590 1
2199 1
974 1
1040 1
744 1
554 1
1300 1
89 1
1151 1
247 1
707 1
1315 1
260 1
795 1
1010 1
2178 1
1273 1
1343 1
421 1
1785 1
693 1
1097 1
1698 1
1787 1
686 1
1047 1
1589 1
1517 1
1127 1
1422 1
288 1
1668 1
1908 1
758 1
2543 1
1551 1
2169 1
1074 1
1808 1
716 1
1940 1
463 1
2398 1
629 1
667 1
475 1
1269 1
2327 1
146 1
1085 1
1418 1
249 1
683 1
894 1
731 1
2517 1
2422 1
2226 1
1307 1
1826 1
2447 1
839 1
878 1
1774 1
1528 1
383 1
2305 1
809 1
1055 1
2465 1
171 1
342 1
1323 1
963 1
453 1
430 1
2356 1
1754 1
2498 1
314 1
2501 1
803 1
1904 1
1367 1
638 1
1890 1
684 1
1249 1
1223 1
496 1
1228 1
1440 1
455 1
713 1
1886 1
1682 1
1157 1
611 1
1727 1
2207 1
696 1
961 1
2458 1
2098 1
1365 1
555 1
1377 1
117 1
2293 1
1121 1
1143 1
375 1
1863 1
2475 1
360 1
1426 1
1609 1
157 1
1368 1
1739 1
420 1
2269 1
1909 1
1985 1
63 1
1520 1
362 1
435 1
552 1
1415 1
646 1
2001 1
90 1
61 1
1076 1
1972 1
701 1
1560 1
1979 1
2133 1
2007 1
1716 1
1553 1
779 1
513 1
2526 1
1299 1
1841 1
1488 1
939 1
1505 1
2399 1
949 1
899 1
793 1
236 1
2502 1
1801 1
1953 1
1795 1
1946 1
1968 1
423 1
1978 1
840 1
1024 1
1414 1
2322 1
1760 1
1532 1
275 1
691 1
1874 1
1701 1
148 1
1715 1
775 1
1945 1
1103 1
1558 1
2284 1
1622 1
1830 1
439 1
1664 1
984 1
1848 1
2049 1
2538 1
2279 1
1671 1
225 1
2058 1
431 1
2243 1
1639 1
2332 1
1991 1
2092 1
1263 1
1914 1
613 1
2474 1
2023 1
922 1
2002 1
918 1
1279 1
2051 1
721 1
2062 1
494 1
2043 1
762 1
1184 1
167 1
753 1
2095 1
2266 1
1615 1
806 1
240 1
2096 1
2061 1
1329 1
2476 1
1242 1
550 1
1981 1
1933 1
2104 1
2505 1
1531 1
1673 1
1901 1
2300 1
1819 1
2066 1
2079 1
618 1
1457 1
565 1
2063 1
2554 1
782 1
923 1
510 1
581 1
2125 1
2292 1
2056 1
2093 1
2235 1
1829 1
2241 1
1803 1
1359 1
96 1
2124 1
826 1
2302 1
1232 1
1623 1
1939 1
2141 1
1913 1
2130 1
828 1
804 1
1559 1
1541 1
357 1
1466 1
286 1
1608 1
1406 1
1896 1
1989 1
1220 1
1285 1
1866 1
2523 1
1197 1
1956 1
2047 1
2167 1
1086 1
623 1
2151 1
2552 1
2161 1
2236 1
364 1
2013 1
2105 1
1927 1
2150 1
2171 1
2160 1
2551 1
1063 1
2138 1
2172 1
1338 1
2174 1
2553 1
1079 1
960 0
1364 0
1479 0
1480 0
845 0
381 0
1104 0
764 0
982 0
116 0
1506 0
1635 0
812 0
379 0
2180 0
726 0
906 0
2191 0
1911 0
2206 0
1362 0
1681 0
756 0
1828 0
1156 0
1707 0
1654 0
1534 0
1443 0
935 0
2295 0
1231 0
2271 0
1561 0
791 0
1310 0
1717 0
1174 0
433 0
1798 0
2247 0
1400 0
1372 0
1507 0
2429 0
1441 0
934 0
2544 0
1638 0
1519 0
1039 0
2382 0
1601 0
763 0
1298 0
672 0
1897 0
718 0
783 0
1627 0
395 0
406 0
2282 0
2464 0
2194 0
1029 0
810 0
720 0
1059 0
1634 0
869 0
595 0
1250 0
1070 0
1811 0
2337 0
1683 0
912 0
736 0
1433 0
2461 0
621 0
841 0
2463 0
1159 0
816 0
1380 0
1524 0
1281 0
771 0
2481 0
687 0
270 0
2232 0
1064 0
1131 0
774 0
1923 0
800 0
1674 0
2274 0
1358 0
932 0
592 0
1428 0
1138 0
1165 0
442 0
836 0
1198 0
2000 0
950 0
1206 0
796 0
661 0
380 0
1824 0
2478 0
1129 0
2339 0
2278 0
156 0
2017 0
405 0
2511 0
1112 0
1290 0
1831 0
1620 0
2273 0
469 0
1722 0
1142 0
1789 0
1964 0
1305 0
2303 0
1779 0
1781 0
2336 0
1430 0
1912 0
833 0
1689 0
792 0
1813 0
72 0
2525 0
838 0
2018 0
703 0
1851 0
1432 0
844 0
1268 0
1898 0
1867 0
778 0
1926 0
1445 0
1295 0
1969 0
389 0
1135 0
741 0
2052 0
2219 0
485 0
1468 0
2118 0
2480 0
2410 0
1387 0
2299 0
449 0
1155 0
1646 0
1308 0
566 0
2397 0
2060 0
2109 0
622 0
1924 0
917 0
1856 0
1556 0
2106 0
1652 0
1677 0
2084 0
1335 0
1032 0
1421 0
1501 0
2050 0
1398 0
2016 0
1621 0
2249 0
2535 0
2107 0
1356 0
2510 0
1057 0
2011 0
785 0
2015 0
1379 0
1996 0
1325 0
2081 0
2129 0
1651 0
2112 0
1868 0
2009 0
1567 0
1537 0
2126 0
2087 0
1342 0
2142 0
2536 0
1777 0
2375 0
2085 0
2119 0
1460 0
1995 0
2164 0
2532 0
1998 0
2033 0
2527 0
1906 0
831 0
404 0
2145 0
2102 0
2120 0
1374 0
784 0
2158 0
2154 0
2144 0
2123 0
2168 0
2021 0
2082 0
2155 0
2157 0
2175 0
665 0
2153 0
2159 0
2152 0
1931 0
1435 0
639 0
2220 0
427 0
1875 0
2162 0
2170 0
2080 0
2135 0
1974 0
