112 22
17 22
53 22
76 22
33 22
27 22
36 22
68 22
138 22
46 22
45 22
63 19
23 19
20 19
44 19
57 19
108 19
116 19
125 19
8 19
52 19
115 19
56 19
140 19
61 19
93 19
104 19
12 19
77 19
43 19
69 19
110 19
146 19
96 19
1 17
4 17
117 17
129 17
51 17
41 17
65 17
107 17
122 17
29 17
62 17
133 17
97 17
147 17
136 17
2 17
85 17
118 17
64 17
71 16
120 16
142 16
132 16
40 16
72 16
95 16
75 16
80 16
137 16
5 16
47 16
55 16
87 16
114 16
6 16
70 16
145 16
39 16
54 16
59 16
24 16
15 16
25 16
90 16
86 16
111 15
73 15
143 13
79 12
58 12
28 12
148 12
74 11
11 11
99 11
128 11
19 11
123 11
78 11
37 11
135 11
48 11
66 11
98 9
101 9
3 8
38 8
84 8
21 8
18 8
109 8
130 8
113 8
144 8
103 8
106 8
26 8
32 8
131 8
83 8
102 7
88 7
7 7
9 7
60 7
14 7
127 7
89 7
50 7
91 7
42 7
121 7
141 6
30 6
92 6
139 6
34 6
22 5
82 5
119 5
67 5
13 4
94 4
81 4
126 3
100 3
49 2
105 2
134 2
