234 46
235 46
236 46
244 46
245 46
246 46
250 46
768 46
1555 46
147 19
1049 19
1218 19
1221 19
1224 19
1229 19
1231 19
1235 19
1236 19
1238 19
1246 19
1250 19
1251 19
1252 19
1255 19
1256 19
1258 19
1270 19
1271 19
1287 19
1290 19
1291 19
1292 19
1295 19
1296 19
1298 19
1301 19
1303 19
1309 19
1313 19
1314 19
1328 19
1331 19
1333 19
1371 19
1458 19
1460 19
2500 19
2782 19
2801 19
3926 19
3931 19
3942 19
3949 19
3950 19
3980 19
3986 19
121 15
1240 15
1247 15
2796 15
1243 14
1253 14
1262 14
1265 14
1267 14
1476 14
2824 14
2836 14
3576 14
1330 13
3978 13
502 12
222 11
232 11
312 11
319 11
669 11
670 11
671 11
776 11
777 11
804 11
894 11
1179 11
1553 11
1569 11
1647 11
448 10
1563 10
3517 10
243 9
2863 9
3521 9
3993 9
213 8
259 8
263 8
308 8
309 8
310 8
313 8
314 8
355 8
357 8
358 8
663 8
841 8
1000 8
1022 8
1046 8
1088 8
1089 8
1095 8
1125 8
1491 8
1929 8
221 7
307 7
311 7
327 7
569 7
761 7
781 7
942 7
1015 7
1020 7
1021 7
1023 7
1025 7
1027 7
1029 7
1031 7
1032 7
1033 7
1036 7
1037 7
1038 7
1039 7
1040 7
1041 7
1043 7
1044 7
1045 7
1047 7
1048 7
1050 7
1051 7
1053 7
1056 7
1060 7
1062 7
1065 7
1066 7
1067 7
1068 7
1069 7
1072 7
1073 7
1074 7
1077 7
1079 7
1081 7
1082 7
1084 7
1085 7
1086 7
1087 7
1091 7
1092 7
1094 7
1096 7
1098 7
1100 7
1101 7
1104 7
1105 7
1109 7
1111 7
1112 7
1113 7
1115 7
1119 7
1122 7
1124 7
1128 7
1132 7
1136 7
1138 7
1142 7
1148 7
1152 7
1351 7
1494 7
1545 7
1551 7
1571 7
1893 7
1924 7
1930 7
1933 7
1943 7
2037 7
2102 7
2126 7
2151 7
2177 7
2296 7
2530 7
2603 7
2916 7
3532 7
3597 7
4036 7
258 6
345 6
366 6
465 6
774 6
792 6
844 6
1024 6
1026 6
1028 6
1030 6
1034 6
1052 6
1055 6
1057 6
1058 6
1059 6
1061 6
1063 6
1064 6
1075 6
1078 6
1080 6
1083 6
1090 6
1093 6
1097 6
1099 6
1102 6
1103 6
1106 6
1107 6
1114 6
1116 6
1118 6
1126 6
1127 6
1130 6
1133 6
1139 6
1140 6
1141 6
1145 6
1155 6
1156 6
1160 6
1166 6
1169 6
1249 6
1259 6
1273 6
1274 6
1532 6
1533 6
1618 6
1654 6
1866 6
1876 6
1898 6
1907 6
1918 6
1923 6
1939 6
2014 6
2026 6
2056 6
2064 6
2099 6
2106 6
2108 6
2119 6
2127 6
2131 6
2143 6
2150 6
2267 6
2315 6
2411 6
2533 6
2593 6
2617 6
2959 6
2987 6
2988 6
2989 6
2990 6
3145 6
3178 6
3410 6
3195 6
3707 6
3718 6
3749 6
3507 6
3785 6
3786 6
3787 6
5 5
80 5
171 5
179 5
203 5
260 5
261 5
262 5
268 5
296 5
315 5
317 5
318 5
320 5
321 5
322 5
323 5
324 5
329 5
330 5
331 5
342 5
344 5
346 5
347 5
356 5
365 5
395 5
450 5
456 5
489 5
496 5
512 5
582 5
599 5
714 5
767 5
770 5
778 5
790 5
791 5
810 5
853 5
920 5
940 5
944 5
947 5
948 5
949 5
952 5
968 5
1014 5
1035 5
1070 5
1071 5
1076 5
1110 5
1117 5
1121 5
1123 5
1129 5
1131 5
1134 5
1135 5
1137 5
1143 5
1144 5
1146 5
1147 5
1153 5
1154 5
1158 5
1159 5
1161 5
1163 5
1174 5
1175 5
1181 5
1194 5
1215 5
1382 5
1398 5
1405 5
1499 5
1521 5
1536 5
1543 5
1544 5
1548 5
1619 5
1625 5
1674 5
1689 5
1700 5
1761 5
1762 5
1764 5
1765 5
1766 5
1774 5
1775 5
1778 5
1779 5
1805 5
1859 5
1863 5
1864 5
1867 5
1887 5
1894 5
1903 5
1905 5
1906 5
1908 5
1912 5
1913 5
1914 5
1915 5
1916 5
1919 5
1922 5
1925 5
1926 5
1927 5
1940 5
1941 5
1957 5
1980 5
1989 5
1990 5
1996 5
2006 5
2010 5
2012 5
2013 5
2017 5
2023 5
2024 5
2028 5
2035 5
2036 5
2052 5
2060 5
2066 5
2071 5
2079 5
2080 5
2082 5
2084 5
2086 5
2088 5
2089 5
2090 5
2092 5
2094 5
2097 5
2098 5
2111 5
2123 5
2124 5
2136 5
2138 5
2144 5
2148 5
2152 5
2153 5
2156 5
2157 5
2159 5
2160 5
2164 5
2166 5
2167 5
2168 5
2174 5
2176 5
2178 5
2180 5
2184 5
2191 5
2192 5
2193 5
2200 5
2207 5
2210 5
2211 5
2212 5
2218 5
2219 5
2222 5
2228 5
2231 5
2232 5
2248 5
2252 5
2254 5
2258 5
2259 5
2261 5
2262 5
2266 5
2268 5
2273 5
2275 5
2278 5
2314 5
2342 5
2352 5
2353 5
2356 5
2357 5
2359 5
2360 5
2362 5
2363 5
2369 5
2370 5
2371 5
2384 5
2397 5
2399 5
2400 5
2406 5
2418 5
2423 5
2428 5
2431 5
2461 5
2489 5
2445 5
2496 5
2497 5
2506 5
2509 5
2532 5
2573 5
2502 5
2505 5
2614 5
2615 5
2616 5
2513 5
2622 5
2634 5
2637 5
2644 5
2662 5
2681 5
2683 5
2686 5
2864 5
2887 5
2918 5
2919 5
2923 5
2941 5
2946 5
2962 5
2984 5
2996 5
2997 5
3024 5
2986 5
3039 5
3091 5
3092 5
2974 5
3133 5
3139 5
3132 5
2582 5
3053 5
3186 5
3205 5
3206 5
2438 5
3009 5
3194 5
3297 5
3298 5
3382 5
3392 5
3393 5
3394 5
3398 5
3399 5
3407 5
3409 5
3412 5
3413 5
3042 5
3422 5
3428 5
3481 5
3191 5
3107 5
3608 5
3634 5
3391 5
3698 5
3699 5
3700 5
3715 5
3719 5
3725 5
3765 5
3810 5
3815 5
4067 5
4068 5
4177 5
4341 5
4407 5
197 4
352 4
359 4
487 4
495 4
497 4
498 4
782 4
786 4
819 4
820 4
822 4
828 4
836 4
837 4
899 4
995 4
1042 4
1108 4
1201 4
1345 4
1393 4
1395 4
1465 4
1490 4
1531 4
1542 4
1552 4
1556 4
1623 4
1690 4
1706 4
1736 4
1780 4
1781 4
1783 4
1786 4
1829 4
1831 4
1832 4
1874 4
1875 4
1878 4
1883 4
1896 4
1909 4
1910 4
1911 4
1985 4
1991 4
2002 4
2011 4
2016 4
2021 4
2029 4
2030 4
2044 4
2045 4
2057 4
2075 4
2076 4
2077 4
2087 4
2101 4
2103 4
2110 4
2113 4
2118 4
2162 4
2171 4
2208 4
2220 4
2235 4
2243 4
2246 4
2251 4
2260 4
2264 4
2284 4
2297 4
2323 4
2325 4
2372 4
2375 4
2388 4
2396 4
2405 4
2414 4
2432 4
2446 4
2454 4
2471 4
2494 4
2507 4
2575 4
2602 4
2604 4
2613 4
2666 4
2670 4
2846 4
2915 4
2924 4
2930 4
2935 4
2936 4
2940 4
2944 4
2957 4
2958 4
2961 4
2964 4
2982 4
2985 4
2947 4
3010 4
3017 4
3018 4
3019 4
3020 4
3022 4
3075 4
3077 4
3140 4
3141 4
3161 4
3162 4
3163 4
3164 4
3045 4
3183 4
3184 4
3185 4
3274 4
3280 4
3286 4
3304 4
3363 4
3044 4
3397 4
3043 4
3421 4
3426 4
3427 4
3429 4
3432 4
3025 4
3440 4
3472 4
3483 4
3032 4
3599 4
3600 4
3666 4
3677 4
3693 4
3697 4
3704 4
3705 4
3708 4
3745 4
3746 4
3747 4
3748 4
3750 4
3753 4
3754 4
3764 4
3807 4
3813 4
3816 4
3829 4
3842 4
3868 4
4071 4
4143 4
4191 4
4209 4
4286 4
4288 4
4314 4
4320 4
4577 4
4741 4
21 3
87 3
100 3
225 3
226 3
227 3
229 3
233 3
240 3
247 3
256 3
325 3
326 3
343 3
348 3
349 3
350 3
351 3
361 3
367 3
406 3
409 3
440 3
469 3
483 3
484 3
485 3
486 3
492 3
503 3
506 3
731 3
771 3
772 3
773 3
783 3
789 3
945 3
1149 3
1157 3
1164 3
1165 3
1182 3
1183 3
1184 3
1185 3
1186 3
1187 3
1188 3
1189 3
1190 3
1191 3
1192 3
1193 3
1195 3
1196 3
1197 3
1198 3
1202 3
1209 3
1210 3
1211 3
1214 3
1219 3
1226 3
1230 3
1297 3
1304 3
1317 3
1319 3
1376 3
1380 3
1411 3
1416 3
1430 3
1450 3
1473 3
1482 3
1493 3
1495 3
1519 3
1523 3
1527 3
1535 3
1546 3
1554 3
1560 3
1564 3
1565 3
1570 3
1651 3
1707 3
1735 3
1763 3
1787 3
1789 3
1792 3
1860 3
1877 3
1879 3
1899 3
1900 3
1902 3
1904 3
1921 3
1934 3
1936 3
1953 3
1979 3
1984 3
1988 3
1993 3
1994 3
2004 3
2009 3
2015 3
2033 3
2034 3
2040 3
2042 3
2048 3
2049 3
2050 3
2051 3
2053 3
2054 3
2072 3
2083 3
2093 3
2107 3
2109 3
2116 3
2122 3
2129 3
2133 3
2135 3
2137 3
2149 3
2161 3
2163 3
2165 3
2169 3
2170 3
2173 3
2179 3
2182 3
2183 3
2187 3
2188 3
2189 3
2195 3
2197 3
2198 3
2202 3
2204 3
2205 3
2225 3
2230 3
2233 3
2236 3
2237 3
2241 3
2245 3
2253 3
2255 3
2256 3
2265 3
2269 3
2271 3
2274 3
2306 3
2309 3
2320 3
2322 3
2331 3
2332 3
2338 3
2339 3
2340 3
2341 3
2343 3
2344 3
2345 3
2346 3
2347 3
2354 3
2382 3
2386 3
2392 3
2393 3
2394 3
2398 3
2410 3
2413 3
2416 3
2417 3
2421 3
2425 3
2433 3
2435 3
2448 3
2458 3
2469 3
2487 3
2490 3
2442 3
2508 3
2531 3
2535 3
2551 3
2562 3
2572 3
2574 3
2601 3
2612 3
2656 3
2658 3
2682 3
2755 3
2756 3
2758 3
2773 3
2786 3
2810 3
2848 3
2858 3
2859 3
2870 3
2910 3
2911 3
2912 3
2913 3
2914 3
2920 3
2929 3
2932 3
2933 3
2942 3
2960 3
2963 3
2965 3
2966 3
2970 3
2979 3
2980 3
2981 3
2983 3
2971 3
2972 3
2991 3
2998 3
2999 3
3000 3
3001 3
3004 3
3005 3
3021 3
3030 3
3033 3
3038 3
3046 3
3047 3
3048 3
2968 3
3076 3
2515 3
3052 3
3078 3
3079 3
3080 3
3083 3
3084 3
3088 3
3089 3
3090 3
3094 3
3095 3
3134 3
2441 3
3130 3
3146 3
3147 3
3148 3
3150 3
3153 3
3154 3
3155 3
3165 3
3166 3
3167 3
3168 3
3169 3
3177 3
3125 3
3126 3
3127 3
3128 3
3199 3
3202 3
3129 3
3203 3
3204 3
3207 3
3211 3
3212 3
3213 3
3214 3
2444 3
3224 3
3225 3
3244 3
3273 3
3275 3
3055 3
3313 3
3314 3
3315 3
3337 3
3339 3
3292 3
3350 3
3351 3
3352 3
3353 3
3354 3
3355 3
3365 3
3370 3
3371 3
3372 3
3379 3
3257 3
3232 3
3124 3
3408 3
3415 3
3420 3
3424 3
3435 3
3458 3
3459 3
3460 3
3461 3
3463 3
3464 3
3467 3
3469 3
3482 3
3487 3
3492 3
3499 3
3501 3
3506 3
3534 3
3538 3
3592 3
3609 3
3223 3
3632 3
3639 3
3645 3
3656 3
3665 3
3710 3
3711 3
3714 3
3716 3
3717 3
3726 3
3730 3
3755 3
3756 3
3757 3
3759 3
3762 3
3768 3
3771 3
3788 3
3793 3
3795 3
3796 3
3797 3
3803 3
3804 3
3809 3
3834 3
3839 3
3847 3
3851 3
3852 3
3865 3
3878 3
3879 3
3893 3
3928 3
3929 3
3930 3
3946 3
3971 3
3981 3
4006 3
4075 3
3190 3
2677 3
4098 3
4110 3
4135 3
3663 3
4174 3
4176 3
4179 3
4195 3
4245 3
3494 3
4291 3
4303 3
4315 3
4322 3
4439 3
4465 3
4552 3
4531 3
3455 3
3577 3
3069 3
3579 3
3583 3
4663 3
4664 3
4688 3
4742 3
4745 3
4799 3
4800 3
4943 3
5048 3
5092 3
5093 3
2949 3
5235 3
5477 3
37 2
52 2
77 2
183 2
230 2
252 2
316 2
328 2
339 2
354 2
385 2
387 2
447 2
470 2
481 2
504 2
510 2
531 2
555 2
607 2
702 2
718 2
737 2
739 2
740 2
741 2
742 2
780 2
823 2
827 2
838 2
847 2
862 2
885 2
898 2
935 2
938 2
941 2
955 2
966 2
967 2
1012 2
1120 2
1150 2
1176 2
1178 2
1213 2
1220 2
1222 2
1225 2
1227 2
1228 2
1234 2
1239 2
1245 2
1264 2
1276 2
1302 2
1318 2
1320 2
1339 2
1347 2
1352 2
1360 2
1370 2
1379 2
1429 2
1437 2
1446 2
1452 2
1459 2
1464 2
1466 2
1467 2
1468 2
1469 2
1470 2
1471 2
1472 2
1500 2
1522 2
1537 2
1538 2
1541 2
1562 2
1614 2
1622 2
1655 2
1691 2
1693 2
1711 2
1719 2
1730 2
1756 2
1758 2
1776 2
1785 2
1793 2
1796 2
1820 2
1837 2
1839 2
1840 2
1841 2
1888 2
1889 2
1890 2
1920 2
1937 2
1955 2
1958 2
1972 2
1973 2
1983 2
1987 2
1992 2
2001 2
2003 2
2005 2
2007 2
2008 2
2027 2
2031 2
2046 2
2055 2
2058 2
2059 2
2061 2
2068 2
2070 2
2115 2
2120 2
2134 2
2139 2
2140 2
2158 2
2172 2
2175 2
2181 2
2196 2
2203 2
2209 2
2214 2
2215 2
2216 2
2217 2
2238 2
2240 2
2244 2
2270 2
2279 2
2299 2
2301 2
2302 2
2312 2
2326 2
2330 2
2337 2
2348 2
2358 2
2368 2
2376 2
2395 2
2403 2
2409 2
2449 2
2451 2
2456 2
2474 2
2488 2
2511 2
2526 2
2528 2
2529 2
2557 2
2578 2
2579 2
2592 2
2594 2
2595 2
2597 2
2618 2
2619 2
2629 2
2664 2
2665 2
2667 2
2668 2
2669 2
2671 2
2675 2
2678 2
2680 2
2777 2
2790 2
2791 2
2794 2
2860 2
2865 2
2884 2
2885 2
2886 2
2917 2
2922 2
2931 2
2937 2
2938 2
2939 2
2943 2
2956 2
3002 2
3003 2
3006 2
3007 2
3011 2
3012 2
3013 2
3014 2
3015 2
3016 2
3034 2
3035 2
3036 2
3037 2
3040 2
3028 2
3081 2
3082 2
3085 2
3086 2
3008 2
3023 2
3051 2
3097 2
3098 2
3099 2
3100 2
2969 2
3135 2
3136 2
3137 2
3138 2
3142 2
3143 2
3144 2
3156 2
3157 2
3158 2
3159 2
3170 2
3171 2
3172 2
3173 2
3174 2
3175 2
3176 2
3181 2
3196 2
3197 2
3198 2
3201 2
3208 2
3215 2
3227 2
3189 2
3235 2
3236 2
3277 2
3282 2
3050 2
3299 2
3300 2
3301 2
3296 2
3308 2
3309 2
3310 2
3333 2
3340 2
3359 2
3364 2
3346 2
3345 2
3378 2
3381 2
3390 2
3395 2
3401 2
3403 2
3404 2
3405 2
3411 2
3249 2
3418 2
3431 2
3433 2
3436 2
3437 2
3439 2
3453 2
3192 2
3466 2
3470 2
3493 2
3496 2
3502 2
3503 2
3510 2
3520 2
3533 2
3584 2
3589 2
3193 2
3279 2
3603 2
3604 2
3630 2
3631 2
3341 2
3637 2
3664 2
3318 2
3361 2
3673 2
3678 2
3691 2
3696 2
3702 2
3703 2
3706 2
3709 2
3712 2
3720 2
3721 2
3722 2
3728 2
3729 2
3751 2
3769 2
3772 2
3777 2
3784 2
3789 2
3790 2
3791 2
3794 2
3801 2
3802 2
3806 2
3808 2
3823 2
3827 2
3736 2
3838 2
3841 2
3844 2
3845 2
3854 2
3860 2
3873 2
3875 2
3889 2
3896 2
3898 2
3901 2
3902 2
3907 2
3909 2
3910 2
3911 2
3912 2
3913 2
3914 2
3915 2
3916 2
3917 2
3918 2
3932 2
3572 2
3948 2
3951 2
3974 2
3989 2
3991 2
3992 2
3994 2
4005 2
4026 2
4070 2
4072 2
4073 2
4076 2
4077 2
4078 2
4089 2
4103 2
4175 2
4180 2
4190 2
4202 2
4208 2
4210 2
4211 2
4214 2
4216 2
4278 2
4279 2
4280 2
4282 2
4284 2
4285 2
4287 2
3614 2
4307 2
4316 2
4321 2
4323 2
4324 2
4326 2
4350 2
4374 2
4378 2
4409 2
4411 2
4412 2
4437 2
4462 2
4466 2
4564 2
4470 2
4573 2
4607 2
4608 2
4609 2
4610 2
4625 2
4333 2
4556 2
4648 2
4655 2
4656 2
4657 2
4658 2
4659 2
4660 2
4662 2
4667 2
4671 2
4684 2
4690 2
4691 2
4693 2
4706 2
4728 2
4733 2
4736 2
3233 2
4747 2
4748 2
3546 2
4749 2
4750 2
4751 2
4479 2
4848 2
4890 2
4900 2
4915 2
4924 2
4950 2
4957 2
4964 2
4975 2
4976 2
4475 2
4980 2
4985 2
4991 2
5045 2
5046 2
5167 2
5175 2
5181 2
5182 2
5183 2
5184 2
5185 2
5186 2
5187 2
5188 2
5189 2
5190 2
4538 2
5208 2
5209 2
5210 2
5211 2
5228 2
5299 2
3733 2
5481 2
5508 2
4388 2
5526 2
5527 2
5533 2
6 1
8 1
19 1
25 1
36 1
53 1
55 1
56 1
57 1
58 1
59 1
60 1
61 1
62 1
63 1
64 1
65 1
66 1
67 1
68 1
69 1
72 1
73 1
76 1
83 1
86 1
92 1
93 1
94 1
95 1
96 1
99 1
101 1
102 1
103 1
104 1
105 1
106 1
107 1
108 1
109 1
112 1
113 1
114 1
115 1
116 1
117 1
118 1
119 1
120 1
123 1
124 1
125 1
126 1
127 1
128 1
129 1
130 1
131 1
132 1
133 1
134 1
135 1
136 1
137 1
138 1
139 1
140 1
141 1
142 1
143 1
144 1
145 1
150 1
163 1
164 1
175 1
184 1
214 1
215 1
218 1
219 1
220 1
223 1
248 1
255 1
257 1
264 1
265 1
266 1
267 1
269 1
270 1
272 1
274 1
276 1
284 1
289 1
295 1
298 1
300 1
301 1
304 1
332 1
334 1
335 1
364 1
368 1
369 1
372 1
384 1
399 1
416 1
417 1
442 1
444 1
451 1
457 1
458 1
459 1
464 1
471 1
476 1
479 1
480 1
482 1
490 1
494 1
501 1
509 1
516 1
517 1
519 1
536 1
551 1
564 1
568 1
574 1
575 1
580 1
581 1
583 1
587 1
588 1
603 1
612 1
617 1
622 1
623 1
624 1
628 1
634 1
635 1
646 1
648 1
649 1
650 1
651 1
654 1
657 1
659 1
661 1
662 1
672 1
673 1
677 1
682 1
684 1
691 1
700 1
704 1
705 1
706 1
710 1
711 1
713 1
717 1
724 1
725 1
730 1
736 1
744 1
748 1
750 1
751 1
753 1
756 1
759 1
764 1
765 1
766 1
779 1
784 1
793 1
794 1
797 1
798 1
799 1
800 1
801 1
803 1
805 1
806 1
809 1
812 1
816 1
830 1
833 1
834 1
835 1
845 1
849 1
850 1
851 1
860 1
861 1
863 1
883 1
886 1
893 1
901 1
915 1
916 1
917 1
928 1
929 1
931 1
936 1
946 1
950 1
951 1
954 1
961 1
970 1
977 1
985 1
988 1
990 1
991 1
994 1
1003 1
1004 1
1018 1
1019 1
1151 1
1162 1
1167 1
1168 1
1199 1
1200 1
1203 1
1204 1
1205 1
1207 1
1212 1
1217 1
1223 1
1232 1
1237 1
1242 1
1244 1
1254 1
1257 1
1260 1
1261 1
1266 1
1269 1
1278 1
1279 1
1280 1
1282 1
1286 1
1288 1
1289 1
1293 1
1299 1
1300 1
1305 1
1306 1
1307 1
1308 1
1310 1
1311 1
1312 1
1316 1
1321 1
1322 1
1323 1
1326 1
1329 1
1337 1
1342 1
1346 1
1349 1
1350 1
1355 1
1357 1
1358 1
1362 1
1364 1
1366 1
1367 1
1368 1
1369 1
1372 1
1373 1
1381 1
1383 1
1384 1
1385 1
1386 1
1392 1
1396 1
1400 1
1412 1
1413 1
1415 1
1417 1
1419 1
1425 1
1427 1
1428 1
1431 1
1433 1
1435 1
1436 1
1439 1
1441 1
1442 1
1445 1
1451 1
1457 1
1461 1
1474 1
1475 1
1477 1
1478 1
1479 1
1480 1
1481 1
1485 1
1492 1
1497 1
1498 1
1509 1
1512 1
1513 1
1517 1
1518 1
1520 1
1529 1
1530 1
1534 1
1539 1
1540 1
1550 1
1567 1
1568 1
1573 1
1574 1
1577 1
1578 1
1581 1
1591 1
1602 1
1606 1
1611 1
1617 1
1621 1
1624 1
1626 1
1627 1
1629 1
1630 1
1634 1
1635 1
1642 1
1645 1
1652 1
1656 1
1657 1
1658 1
1659 1
1668 1
1672 1
1679 1
1685 1
1698 1
1705 1
1708 1
1710 1
1720 1
1723 1
1727 1
1739 1
1746 1
1752 1
1759 1
1777 1
1782 1
1784 1
1788 1
1790 1
1791 1
1795 1
1806 1
1810 1
1823 1
1827 1
1830 1
1836 1
1844 1
1856 1
1857 1
1861 1
1862 1
1886 1
1891 1
1892 1
1895 1
1897 1
1901 1
1917 1
1928 1
1942 1
1946 1
1947 1
1948 1
1949 1
1950 1
1952 1
1954 1
1956 1
1967 1
1968 1
1969 1
1986 1
1997 1
1998 1
1999 1
2022 1
2032 1
2041 1
2047 1
2073 1
2078 1
2085 1
2091 1
2095 1
2105 1
2128 1
2132 1
2142 1
2145 1
2146 1
2147 1
2186 1
2199 1
2201 1
2206 1
2221 1
2224 1
2227 1
2229 1
2234 1
2247 1
2249 1
2272 1
2276 1
2277 1
2280 1
2281 1
2286 1
2291 1
2294 1
2295 1
2298 1
2300 1
2303 1
2304 1
2305 1
2307 1
2308 1
2310 1
2311 1
2313 1
2316 1
2317 1
2318 1
2319 1
2321 1
2324 1
2327 1
2328 1
2329 1
2333 1
2334 1
2335 1
2336 1
2349 1
2350 1
2351 1
2355 1
2361 1
2364 1
2365 1
2366 1
2367 1
2373 1
2374 1
2377 1
2378 1
2379 1
2380 1
2381 1
2383 1
2385 1
2387 1
2389 1
2390 1
2391 1
2401 1
2402 1
2404 1
2407 1
2408 1
2412 1
2415 1
2419 1
2420 1
2422 1
2424 1
2426 1
2427 1
2429 1
2430 1
2434 1
2436 1
2437 1
2447 1
2450 1
2453 1
2455 1
2457 1
2459 1
2460 1
2462 1
2463 1
2464 1
2465 1
2466 1
2467 1
2468 1
2470 1
2472 1
2473 1
2480 1
2481 1
2486 1
2439 1
2491 1
2492 1
2493 1
2495 1
2498 1
2499 1
2510 1
2527 1
2534 1
2537 1
2538 1
2545 1
2546 1
2547 1
2552 1
2553 1
2554 1
2555 1
2556 1
2563 1
2566 1
2567 1
2571 1
2580 1
2590 1
2596 1
2598 1
2599 1
2626 1
2627 1
2628 1
2630 1
2631 1
2632 1
2639 1
2646 1
2647 1
2648 1
2649 1
2650 1
2651 1
2652 1
2653 1
2654 1
2655 1
2659 1
2660 1
2661 1
2663 1
2673 1
2679 1
2684 1
2685 1
2687 1
2688 1
2689 1
2690 1
2691 1
2693 1
2718 1
2719 1
2723 1
2727 1
2730 1
2731 1
2732 1
2734 1
2736 1
2737 1
2738 1
2740 1
2746 1
2747 1
2757 1
2761 1
2765 1
2775 1
2779 1
2787 1
2798 1
2799 1
2803 1
2809 1
2811 1
2812 1
2813 1
2816 1
2818 1
2820 1
2828 1
2830 1
2835 1
2837 1
2838 1
2840 1
2841 1
2842 1
2849 1
2851 1
2852 1
2866 1
2867 1
2878 1
2879 1
2880 1
2882 1
2888 1
2889 1
2890 1
2895 1
2896 1
2897 1
2898 1
2899 1
2900 1
2901 1
2902 1
2903 1
2904 1
2909 1
2921 1
2925 1
2926 1
2927 1
2928 1
2934 1
2945 1
2967 1
2992 1
2993 1
2994 1
2995 1
3087 1
3093 1
3096 1
3101 1
3102 1
3149 1
3151 1
3152 1
3160 1
3179 1
3180 1
3182 1
3027 1
3188 1
3200 1
3209 1
3210 1
3226 1
3237 1
3238 1
3239 1
3240 1
3241 1
3242 1
3245 1
3246 1
3264 1
3266 1
3267 1
3268 1
3269 1
3270 1
3271 1
3272 1
3276 1
3281 1
2503 1
3234 1
3284 1
3285 1
3293 1
3256 1
3307 1
3312 1
3316 1
3029 1
3319 1
3320 1
3321 1
3335 1
3336 1
3338 1
3343 1
3344 1
3303 1
3356 1
3357 1
3362 1
3288 1
3366 1
3367 1
3375 1
3377 1
3380 1
3383 1
3384 1
3385 1
3386 1
3387 1
3388 1
3389 1
3396 1
3400 1
3406 1
3414 1
3248 1
3250 1
3251 1
3252 1
3416 1
3417 1
3230 1
3419 1
3423 1
3425 1
3060 1
3062 1
3063 1
3064 1
3065 1
3066 1
3430 1
3434 1
3327 1
3454 1
3462 1
3465 1
3468 1
3253 1
3471 1
3473 1
3474 1
3475 1
3476 1
3477 1
3478 1
3479 1
3480 1
3486 1
3490 1
3491 1
3497 1
3061 1
3216 1
3109 1
3511 1
3513 1
3518 1
3519 1
3524 1
3525 1
3535 1
3536 1
3537 1
3539 1
3540 1
3541 1
3542 1
3543 1
3544 1
3545 1
3550 1
3551 1
3552 1
3553 1
3554 1
3229 1
3588 1
3581 1
3591 1
3593 1
3594 1
3595 1
3596 1
3598 1
3601 1
3606 1
3607 1
3629 1
3633 1
3635 1
3636 1
3638 1
3558 1
3640 1
3641 1
3642 1
3643 1
3644 1
3646 1
3647 1
3648 1
3649 1
3650 1
3484 1
3651 1
3652 1
3653 1
3654 1
3655 1
3657 1
3658 1
3659 1
3660 1
3661 1
3302 1
3667 1
3668 1
3675 1
3679 1
3680 1
3681 1
3682 1
3683 1
3684 1
3685 1
3686 1
3688 1
3692 1
3701 1
3723 1
3724 1
3727 1
3752 1
3758 1
3760 1
3761 1
3766 1
3773 1
3774 1
3775 1
3776 1
3778 1
3779 1
3780 1
3781 1
3782 1
3783 1
3792 1
3798 1
3799 1
3800 1
3805 1
3811 1
3812 1
3814 1
3817 1
3818 1
3819 1
3820 1
3821 1
3822 1
3824 1
3826 1
3828 1
3108 1
3830 1
3832 1
3833 1
3835 1
3836 1
3837 1
3843 1
3846 1
3848 1
3849 1
3850 1
3855 1
3856 1
3857 1
3859 1
3861 1
3862 1
3863 1
3864 1
3866 1
3867 1
3869 1
3870 1
3871 1
3872 1
3874 1
3876 1
3877 1
3880 1
3881 1
3882 1
3883 1
3884 1
3886 1
3887 1
3888 1
3890 1
3891 1
2948 1
3892 1
3894 1
3735 1
3900 1
3904 1
3905 1
3906 1
3919 1
3920 1
3921 1
3922 1
3927 1
3934 1
3935 1
3936 1
3937 1
3938 1
3939 1
3940 1
3941 1
3943 1
3944 1
3945 1
3953 1
3041 1
3954 1
3955 1
3956 1
3957 1
3958 1
3959 1
3960 1
3961 1
3962 1
3963 1
3964 1
3972 1
3973 1
3984 1
3985 1
3987 1
3990 1
3995 1
3996 1
3999 1
4000 1
4001 1
4002 1
3571 1
3573 1
4008 1
4009 1
4010 1
4014 1
3564 1
3565 1
4018 1
4019 1
4020 1
4023 1
3562 1
4024 1
4025 1
4027 1
4028 1
4029 1
4035 1
4037 1
4044 1
4045 1
4060 1
4062 1
4065 1
4066 1
4069 1
4074 1
4084 1
4085 1
4088 1
3348 1
4090 1
4094 1
4095 1
4096 1
4097 1
4099 1
4100 1
4102 1
3368 1
4104 1
4105 1
4106 1
4107 1
4108 1
4109 1
3295 1
4111 1
4112 1
4113 1
3259 1
3261 1
3262 1
3263 1
4114 1
4118 1
4136 1
4139 1
4140 1
4141 1
4142 1
4151 1
4155 1
4164 1
4165 1
4166 1
4167 1
4168 1
4169 1
4170 1
4172 1
4178 1
4184 1
4185 1
4192 1
4193 1
2501 1
4197 1
4198 1
4200 1
4201 1
4203 1
4207 1
4212 1
4213 1
4215 1
4220 1
4236 1
4238 1
4239 1
4241 1
4242 1
3580 1
4243 1
4244 1
4248 1
4249 1
4252 1
4253 1
4257 1
4261 1
4264 1
4265 1
4266 1
4267 1
4268 1
4269 1
4270 1
4271 1
4272 1
4273 1
4275 1
4276 1
4277 1
4281 1
4283 1
4289 1
4290 1
4292 1
4295 1
4297 1
4298 1
4304 1
4305 1
4308 1
4309 1
4310 1
4312 1
4325 1
4327 1
4337 1
4338 1
4339 1
4340 1
4342 1
4343 1
4344 1
4345 1
4351 1
4352 1
4358 1
4359 1
4360 1
4361 1
4362 1
4363 1
4364 1
4368 1
4369 1
4370 1
4371 1
4372 1
4373 1
4375 1
4376 1
4377 1
4379 1
3291 1
4380 1
4390 1
4391 1
4392 1
4393 1
4394 1
4395 1
4396 1
4397 1
4404 1
4405 1
4406 1
4408 1
4410 1
4413 1
4419 1
4420 1
4421 1
4422 1
4423 1
4424 1
4429 1
4432 1
4434 1
4438 1
4440 1
4441 1
4444 1
4449 1
4450 1
4454 1
4455 1
4459 1
4463 1
4464 1
2514 1
4467 1
4485 1
4486 1
4488 1
4506 1
4551 1
4553 1
4557 1
4558 1
4559 1
4560 1
4567 1
4568 1
4571 1
4572 1
4574 1
4576 1
4578 1
4579 1
4580 1
4581 1
4583 1
4584 1
4585 1
4586 1
4587 1
4588 1
4590 1
4591 1
4594 1
3582 1
4596 1
3071 1
3254 1
4529 1
4597 1
4598 1
4599 1
4600 1
4601 1
3578 1
4602 1
4605 1
4606 1
4613 1
4626 1
4639 1
4640 1
4641 1
4642 1
4643 1
4644 1
4645 1
4646 1
4647 1
4649 1
4650 1
4651 1
4652 1
4653 1
4661 1
4665 1
4471 1
4654 1
4528 1
4548 1
4666 1
4668 1
4669 1
4670 1
4672 1
3560 1
4673 1
4674 1
4675 1
4676 1
4677 1
4678 1
4679 1
4680 1
4681 1
4682 1
4683 1
4689 1
4692 1
4695 1
4696 1
4697 1
4700 1
4701 1
4702 1
4703 1
4704 1
4705 1
4717 1
4721 1
4722 1
4723 1
4724 1
4725 1
4726 1
4727 1
4731 1
4732 1
4735 1
4739 1
4740 1
4746 1
4752 1
4753 1
4754 1
4755 1
4756 1
4757 1
4758 1
4759 1
4760 1
4761 1
4762 1
4763 1
4764 1
4765 1
4777 1
4778 1
4781 1
4509 1
4782 1
4783 1
4784 1
4801 1
4512 1
4802 1
3290 1
3443 1
4807 1
4808 1
4810 1
4814 1
4815 1
4816 1
4817 1
4818 1
4819 1
4820 1
4824 1
4825 1
4826 1
4827 1
4828 1
4829 1
4841 1
4847 1
4849 1
4851 1
3231 1
4867 1
4868 1
4869 1
4870 1
4871 1
4872 1
4873 1
4874 1
4876 1
4877 1
4881 1
4885 1
4886 1
4887 1
4888 1
4889 1
4893 1
4896 1
4897 1
4898 1
4899 1
4901 1
4902 1
4903 1
4904 1
4908 1
4913 1
4916 1
4917 1
4918 1
4919 1
4920 1
4921 1
4922 1
4923 1
4925 1
4926 1
4927 1
4928 1
4929 1
4930 1
3738 1
4931 1
4932 1
4933 1
4939 1
4940 1
4941 1
4944 1
4945 1
4947 1
4949 1
4951 1
4952 1
4954 1
4956 1
4959 1
4960 1
4961 1
4962 1
4963 1
4965 1
4966 1
4967 1
4968 1
4969 1
4970 1
4971 1
4972 1
4973 1
4974 1
4977 1
4978 1
4979 1
4981 1
4982 1
4983 1
4984 1
4986 1
4987 1
4988 1
4989 1
4990 1
4992 1
4993 1
4994 1
4995 1
4996 1
4997 1
4998 1
4999 1
5000 1
5001 1
5002 1
5004 1
5005 1
5006 1
5007 1
5011 1
5012 1
5014 1
5015 1
5016 1
5017 1
5018 1
5020 1
5021 1
5025 1
5026 1
5027 1
5028 1
5029 1
5024 1
3447 1
5030 1
5038 1
5039 1
5042 1
5049 1
5052 1
5053 1
5054 1
5056 1
5060 1
3358 1
5089 1
5091 1
5094 1
5095 1
5098 1
5107 1
5108 1
5109 1
5110 1
5111 1
5112 1
5113 1
5114 1
5115 1
5116 1
5117 1
5118 1
5102 1
5103 1
5119 1
5120 1
5126 1
5099 1
5100 1
5105 1
5096 1
5128 1
5133 1
5134 1
5135 1
5101 1
3287 1
5136 1
5137 1
5138 1
5139 1
4555 1
5144 1
5146 1
5149 1
5150 1
5151 1
5153 1
3548 1
5158 1
5164 1
5168 1
5169 1
5170 1
5171 1
5172 1
5173 1
5174 1
5176 1
5177 1
5178 1
5179 1
5180 1
5196 1
5201 1
5202 1
5203 1
5204 1
5205 1
5206 1
5207 1
5225 1
5229 1
5230 1
5231 1
5232 1
5233 1
5234 1
5237 1
5239 1
5248 1
5249 1
5250 1
5251 1
5252 1
5253 1
5254 1
5255 1
5257 1
5264 1
5267 1
5268 1
5273 1
5275 1
5276 1
5282 1
5296 1
5297 1
5298 1
5300 1
5302 1
5308 1
5315 1
5331 1
5366 1
5367 1
5368 1
5369 1
5370 1
5371 1
5372 1
5373 1
5374 1
5375 1
5376 1
5377 1
5378 1
5379 1
5380 1
5381 1
5382 1
5384 1
5387 1
5394 1
5396 1
5397 1
5398 1
5399 1
5400 1
5401 1
5402 1
5403 1
5404 1
5406 1
5410 1
5411 1
5412 1
5413 1
5414 1
5415 1
5416 1
5417 1
5418 1
5419 1
5421 1
5422 1
5427 1
5434 1
5435 1
5436 1
5437 1
5438 1
5439 1
5440 1
5441 1
5442 1
5443 1
5448 1
5452 1
5465 1
5466 1
5470 1
5471 1
5472 1
5473 1
5474 1
5475 1
5484 1
5488 1
5489 1
5490 1
5491 1
5494 1
4329 1
5495 1
5496 1
5497 1
5498 1
5499 1
5500 1
5501 1
5502 1
5503 1
5505 1
5506 1
5507 1
5509 1
5510 1
5511 1
5512 1
5513 1
5514 1
5515 1
5516 1
5517 1
5518 1
5521 1
5523 1
5524 1
3611 1
5530 1
5531 1
5532 1
3612 1
5534 1
5535 1
5537 1
3332 1
5539 1
1 0
2 0
3 0
4 0
7 0
9 0
10 0
11 0
12 0
13 0
14 0
15 0
16 0
17 0
18 0
20 0
22 0
23 0
24 0
26 0
27 0
28 0
29 0
30 0
31 0
32 0
33 0
34 0
35 0
38 0
39 0
40 0
41 0
42 0
43 0
44 0
45 0
46 0
47 0
48 0
49 0
50 0
51 0
54 0
70 0
71 0
74 0
75 0
78 0
79 0
81 0
82 0
84 0
85 0
88 0
89 0
90 0
91 0
97 0
98 0
110 0
111 0
122 0
146 0
148 0
149 0
151 0
152 0
153 0
154 0
155 0
156 0
157 0
158 0
159 0
160 0
161 0
162 0
165 0
166 0
167 0
168 0
169 0
170 0
172 0
173 0
174 0
176 0
177 0
178 0
180 0
181 0
182 0
185 0
186 0
187 0
188 0
189 0
190 0
191 0
192 0
193 0
194 0
195 0
196 0
198 0
199 0
200 0
201 0
202 0
204 0
205 0
206 0
207 0
208 0
209 0
210 0
211 0
212 0
216 0
217 0
224 0
228 0
231 0
237 0
238 0
239 0
241 0
242 0
249 0
251 0
253 0
254 0
271 0
273 0
275 0
277 0
278 0
279 0
280 0
281 0
282 0
283 0
285 0
286 0
287 0
288 0
290 0
291 0
292 0
293 0
294 0
297 0
299 0
302 0
303 0
305 0
306 0
333 0
336 0
337 0
338 0
340 0
341 0
353 0
360 0
362 0
363 0
370 0
371 0
373 0
374 0
375 0
376 0
377 0
378 0
379 0
380 0
381 0
382 0
383 0
386 0
388 0
389 0
390 0
391 0
392 0
393 0
394 0
396 0
397 0
398 0
400 0
401 0
402 0
403 0
404 0
405 0
407 0
408 0
410 0
411 0
412 0
413 0
414 0
415 0
418 0
419 0
420 0
421 0
422 0
423 0
424 0
425 0
426 0
427 0
428 0
429 0
430 0
431 0
432 0
433 0
434 0
435 0
436 0
437 0
438 0
439 0
441 0
443 0
445 0
446 0
449 0
452 0
453 0
454 0
455 0
460 0
461 0
462 0
463 0
466 0
467 0
468 0
472 0
473 0
474 0
475 0
477 0
478 0
488 0
491 0
493 0
499 0
500 0
505 0
507 0
508 0
511 0
513 0
514 0
515 0
518 0
520 0
521 0
522 0
523 0
524 0
525 0
526 0
527 0
528 0
529 0
530 0
532 0
533 0
534 0
535 0
537 0
538 0
539 0
540 0
541 0
542 0
543 0
544 0
545 0
546 0
547 0
548 0
549 0
550 0
552 0
553 0
554 0
556 0
557 0
558 0
559 0
560 0
561 0
562 0
563 0
565 0
566 0
567 0
570 0
571 0
572 0
573 0
576 0
577 0
578 0
579 0
584 0
585 0
586 0
589 0
590 0
591 0
592 0
593 0
594 0
595 0
596 0
597 0
598 0
600 0
601 0
602 0
604 0
605 0
606 0
608 0
609 0
610 0
611 0
613 0
614 0
615 0
616 0
618 0
619 0
620 0
621 0
625 0
626 0
627 0
629 0
630 0
631 0
632 0
633 0
636 0
637 0
638 0
639 0
640 0
641 0
642 0
643 0
644 0
645 0
647 0
652 0
653 0
655 0
656 0
658 0
660 0
664 0
665 0
666 0
667 0
668 0
674 0
675 0
676 0
678 0
679 0
680 0
681 0
683 0
685 0
686 0
687 0
688 0
689 0
690 0
692 0
693 0
694 0
695 0
696 0
697 0
698 0
699 0
701 0
703 0
707 0
708 0
709 0
712 0
715 0
716 0
719 0
720 0
721 0
722 0
723 0
726 0
727 0
728 0
729 0
732 0
733 0
734 0
735 0
738 0
743 0
745 0
746 0
747 0
749 0
752 0
754 0
755 0
757 0
758 0
760 0
762 0
763 0
769 0
775 0
785 0
787 0
788 0
795 0
796 0
802 0
807 0
808 0
811 0
813 0
814 0
815 0
817 0
818 0
821 0
824 0
825 0
826 0
829 0
831 0
832 0
839 0
840 0
842 0
843 0
846 0
848 0
852 0
854 0
855 0
856 0
857 0
858 0
859 0
864 0
865 0
866 0
867 0
868 0
869 0
870 0
871 0
872 0
873 0
874 0
875 0
876 0
877 0
878 0
879 0
880 0
881 0
882 0
884 0
887 0
888 0
889 0
890 0
891 0
892 0
895 0
896 0
897 0
900 0
902 0
903 0
904 0
905 0
906 0
907 0
908 0
909 0
910 0
911 0
912 0
913 0
914 0
918 0
919 0
921 0
922 0
923 0
924 0
925 0
926 0
927 0
930 0
932 0
933 0
934 0
937 0
939 0
943 0
953 0
956 0
957 0
958 0
959 0
960 0
962 0
963 0
964 0
965 0
969 0
971 0
972 0
973 0
974 0
975 0
976 0
978 0
979 0
980 0
981 0
982 0
983 0
984 0
986 0
987 0
989 0
992 0
993 0
996 0
997 0
998 0
999 0
1001 0
1002 0
1005 0
1006 0
1007 0
1008 0
1009 0
1010 0
1011 0
1013 0
1016 0
1017 0
1054 0
1170 0
1171 0
1172 0
1173 0
1177 0
1180 0
1206 0
1208 0
1216 0
1233 0
1241 0
1248 0
1263 0
1268 0
1272 0
1275 0
1277 0
1281 0
1283 0
1284 0
1285 0
1294 0
1315 0
1324 0
1325 0
1327 0
1332 0
1334 0
1335 0
1336 0
1338 0
1340 0
1341 0
1343 0
1344 0
1348 0
1353 0
1354 0
1356 0
1359 0
1361 0
1363 0
1365 0
1374 0
1375 0
1377 0
1378 0
1387 0
1388 0
1389 0
1390 0
1391 0
1394 0
1397 0
1399 0
1401 0
1402 0
1403 0
1404 0
1406 0
1407 0
1408 0
1409 0
1410 0
1414 0
1418 0
1420 0
1421 0
1422 0
1423 0
1424 0
1426 0
1432 0
1434 0
1438 0
1440 0
1443 0
1444 0
1447 0
1448 0
1449 0
1453 0
1454 0
1455 0
1456 0
1462 0
1463 0
1483 0
1484 0
1486 0
1487 0
1488 0
1489 0
1496 0
1501 0
1502 0
1503 0
1504 0
1505 0
1506 0
1507 0
1508 0
1510 0
1511 0
1514 0
1515 0
1516 0
1524 0
1525 0
1526 0
1528 0
1547 0
1549 0
1557 0
1558 0
1559 0
1561 0
1566 0
1572 0
1575 0
1576 0
1579 0
1580 0
1582 0
1583 0
1584 0
1585 0
1586 0
1587 0
1588 0
1589 0
1590 0
1592 0
1593 0
1594 0
1595 0
1596 0
1597 0
1598 0
1599 0
1600 0
1601 0
1603 0
1604 0
1605 0
1607 0
1608 0
1609 0
1610 0
1612 0
1613 0
1615 0
1616 0
1620 0
1628 0
1631 0
1632 0
1633 0
1636 0
1637 0
1638 0
1639 0
1640 0
1641 0
1643 0
1644 0
1646 0
1648 0
1649 0
1650 0
1653 0
1660 0
1661 0
1662 0
1663 0
1664 0
1665 0
1666 0
1667 0
1669 0
1670 0
1671 0
1673 0
1675 0
1676 0
1677 0
1678 0
1680 0
1681 0
1682 0
1683 0
1684 0
1686 0
1687 0
1688 0
1692 0
1694 0
1695 0
1696 0
1697 0
1699 0
1701 0
1702 0
1703 0
1704 0
1709 0
1712 0
1713 0
1714 0
1715 0
1716 0
1717 0
1718 0
1721 0
1722 0
1724 0
1725 0
1726 0
1728 0
1729 0
1731 0
1732 0
1733 0
1734 0
1737 0
1738 0
1740 0
1741 0
1742 0
1743 0
1744 0
1745 0
1747 0
1748 0
1749 0
1750 0
1751 0
1753 0
1754 0
1755 0
1757 0
1760 0
1767 0
1768 0
1769 0
1770 0
1771 0
1772 0
1773 0
1794 0
1797 0
1798 0
1799 0
1800 0
1801 0
1802 0
1803 0
1804 0
1807 0
1808 0
1809 0
1811 0
1812 0
1813 0
1814 0
1815 0
1816 0
1817 0
1818 0
1819 0
1821 0
1822 0
1824 0
1825 0
1826 0
1828 0
1833 0
1834 0
1835 0
1838 0
1842 0
1843 0
1845 0
1846 0
1847 0
1848 0
1849 0
1850 0
1851 0
1852 0
1853 0
1854 0
1855 0
1858 0
1865 0
1868 0
1869 0
1870 0
1871 0
1872 0
1873 0
1880 0
1881 0
1882 0
1884 0
1885 0
1931 0
1932 0
1935 0
1938 0
1944 0
1945 0
1951 0
1959 0
1960 0
1961 0
1962 0
1963 0
1964 0
1965 0
1966 0
1970 0
1971 0
1974 0
1975 0
1976 0
1977 0
1978 0
1981 0
1982 0
1995 0
2000 0
2018 0
2019 0
2020 0
2025 0
2038 0
2039 0
2043 0
2062 0
2063 0
2065 0
2067 0
2069 0
2074 0
2081 0
2096 0
2100 0
2104 0
2112 0
2114 0
2117 0
2121 0
2125 0
2130 0
2141 0
2154 0
2155 0
2185 0
2190 0
2194 0
2213 0
2223 0
2226 0
2239 0
2242 0
2250 0
2257 0
2263 0
2282 0
2283 0
2285 0
2287 0
2288 0
2289 0
2290 0
2292 0
2293 0
2452 0
2440 0
2475 0
2476 0
2477 0
2478 0
2479 0
2516 0
2517 0
2518 0
2519 0
2520 0
2521 0
2522 0
2523 0
2524 0
2525 0
2536 0
2539 0
2540 0
2541 0
2542 0
2543 0
2544 0
2548 0
2549 0
2550 0
2558 0
2559 0
2560 0
2561 0
2564 0
2565 0
2568 0
2569 0
2570 0
2576 0
2577 0
2583 0
2584 0
2585 0
2586 0
2587 0
2588 0
2589 0
2591 0
2600 0
2605 0
2606 0
2607 0
2608 0
2609 0
2610 0
2611 0
2620 0
2621 0
2623 0
2624 0
2625 0
2633 0
2635 0
2636 0
2638 0
2640 0
2641 0
2642 0
2643 0
2645 0
2657 0
2672 0
2674 0
2676 0
2692 0
2694 0
2695 0
2696 0
2697 0
2698 0
2699 0
2700 0
2701 0
2702 0
2703 0
2704 0
2705 0
2706 0
2707 0
2708 0
2709 0
2710 0
2711 0
2712 0
2713 0
2714 0
2715 0
2716 0
2717 0
2720 0
2721 0
2722 0
2724 0
2725 0
2726 0
2728 0
2729 0
2733 0
2735 0
2739 0
2741 0
2742 0
2743 0
2744 0
2745 0
2748 0
2749 0
2750 0
2751 0
2752 0
2753 0
2754 0
2759 0
2760 0
2762 0
2763 0
2764 0
2766 0
2767 0
2768 0
2769 0
2770 0
2771 0
2772 0
2774 0
2776 0
2778 0
2780 0
2781 0
2783 0
2784 0
2785 0
2788 0
2789 0
2792 0
2793 0
2795 0
2797 0
2800 0
2802 0
2804 0
2805 0
2806 0
2807 0
2808 0
2814 0
2815 0
2817 0
2819 0
2821 0
2822 0
2823 0
2825 0
2826 0
2827 0
2829 0
2831 0
2832 0
2833 0
2834 0
2839 0
2843 0
2844 0
2845 0
2847 0
2850 0
2853 0
2854 0
2855 0
2856 0
2857 0
2861 0
2862 0
2868 0
2869 0
2871 0
2872 0
2873 0
2874 0
2875 0
2876 0
2877 0
2881 0
2883 0
2891 0
2892 0
2893 0
2894 0
2905 0
2906 0
2907 0
2908 0
2951 0
2952 0
2953 0
2954 0
2955 0
3187 0
3255 0
3283 0
3438 0
3074 0
3488 0
3489 0
3495 0
3500 0
3516 0
3522 0
3523 0
3526 0
3527 0
3528 0
3529 0
3530 0
3531 0
3590 0
3602 0
3669 0
3670 0
3671 0
3672 0
3674 0
3676 0
3687 0
3689 0
3690 0
3694 0
3695 0
3713 0
3763 0
3767 0
3770 0
3825 0
3831 0
3840 0
3853 0
3858 0
3885 0
3895 0
3897 0
3899 0
3903 0
3908 0
3923 0
3924 0
3925 0
3933 0
3947 0
3952 0
3965 0
3966 0
3967 0
3968 0
3969 0
3970 0
3975 0
3976 0
3977 0
3979 0
3982 0
3983 0
3988 0
3997 0
3998 0
4003 0
4004 0
3574 0
4007 0
4011 0
4012 0
4013 0
4015 0
4016 0
4017 0
4021 0
4022 0
3568 0
3575 0
3569 0
4031 0
4032 0
4033 0
4034 0
4038 0
4039 0
4040 0
4041 0
4042 0
4043 0
4046 0
4047 0
4048 0
4049 0
4050 0
4051 0
4052 0
4053 0
4054 0
4055 0
4056 0
4057 0
3567 0
3563 0
3566 0
4058 0
4059 0
4061 0
4063 0
4064 0
4079 0
4080 0
4081 0
4082 0
4083 0
4086 0
4087 0
4091 0
4092 0
4093 0
4101 0
4115 0
4116 0
4117 0
4119 0
4120 0
4121 0
4122 0
4123 0
4124 0
4125 0
4126 0
4127 0
4128 0
4129 0
4130 0
4131 0
4132 0
4133 0
4134 0
4137 0
4138 0
4144 0
4145 0
4146 0
4147 0
4148 0
4149 0
4150 0
4152 0
4153 0
4154 0
4156 0
4157 0
4158 0
4159 0
4160 0
4161 0
4162 0
4163 0
4171 0
4173 0
4186 0
4187 0
4188 0
4189 0
4194 0
4196 0
4199 0
4204 0
4205 0
4206 0
4217 0
4218 0
4219 0
4221 0
4222 0
4223 0
4224 0
4225 0
4226 0
4227 0
4228 0
4229 0
4230 0
4231 0
4232 0
4233 0
4234 0
4235 0
4237 0
4240 0
4246 0
4247 0
4250 0
4251 0
4254 0
4255 0
4256 0
4258 0
4259 0
4260 0
4262 0
4263 0
4293 0
4294 0
4296 0
4299 0
4300 0
4301 0
4302 0
4306 0
4311 0
4313 0
4317 0
4318 0
4319 0
4335 0
4336 0
4346 0
4347 0
4348 0
4349 0
4353 0
4354 0
4355 0
4356 0
4357 0
4398 0
4399 0
4400 0
4401 0
4402 0
4403 0
3549 0
4414 0
4415 0
4416 0
4417 0
4418 0
3547 0
4425 0
4426 0
4427 0
4428 0
4430 0
4431 0
4433 0
4435 0
4436 0
4442 0
4443 0
4445 0
4446 0
4447 0
4448 0
4451 0
4452 0
4453 0
4456 0
4457 0
4458 0
4460 0
4461 0
4468 0
4482 0
4483 0
4484 0
4487 0
4489 0
4490 0
4491 0
4492 0
4493 0
4494 0
4495 0
4496 0
4497 0
4498 0
4499 0
4500 0
4501 0
4502 0
4503 0
4504 0
4505 0
4565 0
4566 0
4569 0
4570 0
4603 0
4604 0
4611 0
4612 0
4614 0
4615 0
4616 0
4617 0
4618 0
4386 0
4619 0
4620 0
4621 0
4622 0
4623 0
4624 0
4627 0
4628 0
4629 0
4630 0
4631 0
4632 0
4633 0
4634 0
4635 0
4636 0
4637 0
4638 0
4685 0
4686 0
4687 0
4694 0
4698 0
4699 0
4707 0
4708 0
4709 0
4710 0
4711 0
4712 0
4713 0
4714 0
4715 0
4716 0
4718 0
4719 0
4720 0
3451 0
4729 0
4730 0
4734 0
4737 0
4738 0
4743 0
4744 0
4766 0
4767 0
4768 0
4769 0
4770 0
4771 0
4772 0
4773 0
4774 0
4779 0
4780 0
4803 0
4804 0
4805 0
4806 0
4809 0
4811 0
4812 0
4813 0
4821 0
4822 0
4823 0
4830 0
4831 0
4832 0
4833 0
4834 0
4835 0
4836 0
4837 0
4838 0
4839 0
4840 0
4842 0
4843 0
4844 0
4845 0
4554 0
4846 0
4850 0
4852 0
4853 0
4854 0
4855 0
4856 0
4857 0
4858 0
4859 0
3628 0
4860 0
4861 0
4862 0
4863 0
4864 0
4865 0
4866 0
4875 0
4878 0
4879 0
4880 0
4882 0
4883 0
4884 0
4891 0
4892 0
4894 0
4895 0
4332 0
4906 0
4907 0
4909 0
4910 0
4911 0
4912 0
4914 0
4934 0
4935 0
4936 0
4937 0
4938 0
4942 0
4946 0
4948 0
4953 0
4955 0
4958 0
5003 0
5008 0
5009 0
5010 0
5019 0
5031 0
5032 0
5033 0
5034 0
5035 0
5036 0
5037 0
5040 0
5043 0
5044 0
5047 0
5050 0
5051 0
5055 0
5057 0
5058 0
5059 0
5061 0
5062 0
5063 0
5064 0
5065 0
5066 0
5067 0
5068 0
5069 0
5070 0
5071 0
5072 0
5073 0
3619 0
5074 0
5075 0
5076 0
5077 0
5078 0
5079 0
5080 0
5081 0
5082 0
5083 0
5084 0
5085 0
5086 0
5087 0
5088 0
5090 0
5142 0
5143 0
5145 0
5147 0
5148 0
5152 0
5154 0
3402 0
5155 0
5156 0
5157 0
5159 0
5160 0
5161 0
5162 0
5163 0
5191 0
5192 0
5193 0
5194 0
5195 0
5197 0
5198 0
5199 0
4532 0
3072 0
5200 0
5212 0
5213 0
5214 0
5215 0
5216 0
5217 0
5218 0
5219 0
5220 0
5221 0
5222 0
5223 0
5224 0
5226 0
5227 0
5238 0
5240 0
5241 0
5242 0
5243 0
5244 0
5245 0
5246 0
5247 0
5256 0
5258 0
5259 0
5260 0
5261 0
5262 0
5263 0
5265 0
5266 0
5269 0
5270 0
5271 0
5272 0
5274 0
5277 0
5278 0
5279 0
5280 0
5281 0
5283 0
5284 0
5285 0
5286 0
5287 0
5288 0
5289 0
5290 0
5291 0
5292 0
5293 0
5294 0
5295 0
5301 0
5303 0
5304 0
5305 0
5165 0
5306 0
5307 0
5309 0
5310 0
5311 0
5312 0
5313 0
5314 0
5316 0
5317 0
5318 0
5319 0
5320 0
5321 0
3073 0
5322 0
5323 0
5324 0
5325 0
5326 0
5327 0
5328 0
5329 0
5330 0
5332 0
5333 0
5334 0
5335 0
5336 0
5337 0
5338 0
5339 0
5340 0
5341 0
5342 0
5343 0
5344 0
5345 0
5346 0
5347 0
5348 0
5349 0
5350 0
5351 0
5352 0
5353 0
5354 0
5355 0
3731 0
5356 0
5357 0
5358 0
5359 0
5360 0
5361 0
5362 0
5363 0
4472 0
5364 0
5365 0
5383 0
5385 0
5386 0
5388 0
5389 0
5390 0
5391 0
5392 0
5393 0
5395 0
5405 0
5407 0
5408 0
5409 0
5420 0
5423 0
5424 0
5425 0
5426 0
5428 0
5429 0
5430 0
5431 0
5432 0
5433 0
5444 0
5445 0
5446 0
5447 0
5449 0
5450 0
5451 0
5453 0
5454 0
5455 0
5456 0
5457 0
5458 0
5460 0
5461 0
5462 0
5463 0
5464 0
5467 0
5468 0
5469 0
5476 0
5478 0
5479 0
5480 0
5482 0
5483 0
5485 0
5486 0
5487 0
5492 0
5493 0
5504 0
3512 0
5519 0
5520 0
5522 0
5525 0
5528 0
5529 0
5536 0
5538 0
5540 0
5541 0
5542 0
5543 0
5544 0
5545 0
5546 0
5547 0
5548 0
5549 0
5550 0
5551 0
5552 0
5553 0
5554 0
5555 0
5556 0
