1 384
2 384
3 384
4 384
6 384
10 384
11 384
12 384
13 384
16 384
17 384
21 384
24 384
26 384
32 384
35 384
40 384
41 384
43 384
45 384
46 384
53 384
55 384
56 384
58 384
67 384
72 384
74 384
88 384
94 384
97 384
98 384
102 384
133 384
137 384
141 384
150 384
154 384
163 384
172 384
175 384
176 384
177 384
191 384
193 384
201 384
206 384
219 384
226 384
230 384
233 384
247 384
255 384
268 384
285 384
288 384
301 384
304 384
306 384
337 384
349 384
350 384
374 384
399 384
409 384
436 384
452 384
482 384
693 384
929 384
80 382
184 382
450 376
7 372
44 372
73 372
179 372
195 372
322 372
516 372
541 372
200 371
103 369
51 366
91 366
92 366
222 366
28 358
33 358
42 358
47 358
54 358
77 358
79 358
84 358
89 358
109 358
126 358
143 358
144 358
197 358
199 358
227 358
235 358
275 358
327 358
421 358
432 358
479 358
492 358
526 358
658 358
931 358
149 354
180 354
294 354
22 352
207 352
311 352
1060 350
108 341
530 341
14 338
274 334
317 334
449 334
598 334
694 334
798 334
8 331
114 331
345 331
365 331
5 326
132 326
159 326
218 326
277 326
18 321
23 321
83 321
86 321
99 321
105 321
118 321
130 321
139 321
166 321
169 321
178 321
181 321
212 321
221 321
236 321
239 321
250 321
257 321
431 321
560 321
790 321
1209 321
142 320
160 320
162 320
173 320
194 320
261 320
336 320
342 320
347 320
378 320
389 320
404 320
405 320
510 320
532 320
773 320
443 317
774 315
334 314
410 314
466 314
725 314
788 314
692 313
459 304
485 303
129 302
363 302
107 298
457 298
648 298
36 297
61 297
34 296
81 296
106 296
121 296
270 296
289 296
328 296
433 296
461 296
549 296
238 285
419 285
593 285
994 285
161 281
358 281
299 279
319 277
70 275
170 275
455 275
508 275
809 275
932 275
85 270
155 268
202 266
831 266
907 266
291 265
687 260
50 259
683 259
60 258
113 258
376 258
563 257
730 257
505 254
131 253
272 253
315 253
29 252
240 252
281 252
1100 252
37 251
38 251
225 251
229 251
656 251
498 249
781 247
39 245
157 245
568 245
787 245
151 243
373 243
68 242
138 242
147 242
835 242
863 242
127 239
412 239
442 239
454 239
625 239
823 239
827 239
879 239
882 239
249 238
273 238
473 238
506 238
633 238
128 237
873 237
927 237
1102 237
297 236
416 236
504 236
917 236
20 235
52 235
204 235
578 234
393 233
209 232
474 232
486 232
740 232
1069 232
324 231
295 230
811 230
186 229
244 228
260 228
267 228
407 228
464 228
585 228
997 227
360 226
148 225
213 225
265 225
594 225
93 224
25 222
252 222
403 222
491 222
534 222
686 222
338 221
669 221
71 219
814 219
287 217
192 216
15 215
57 215
69 215
82 215
223 215
372 215
434 215
573 215
30 212
335 212
382 212
1159 210
124 208
343 208
394 208
429 208
706 208
406 206
566 206
784 206
27 205
681 205
797 205
254 204
652 203
63 202
269 202
599 202
710 202
845 201
858 201
1377 201
75 200
117 200
152 200
340 200
361 200
370 200
418 200
632 200
870 200
1031 200
1032 200
1294 200
901 199
985 199
198 198
1369 198
323 196
1005 196
1020 196
174 195
470 195
366 194
511 194
1096 194
1336 193
341 192
821 192
961 192
303 191
741 191
880 191
1046 191
1095 189
332 188
352 187
874 186
164 184
622 184
704 184
736 184
1305 184
677 183
368 182
584 180
969 180
278 179
559 179
624 179
755 179
860 179
339 178
384 177
356 176
601 176
975 176
203 175
331 175
344 175
487 175
312 172
417 170
981 170
1003 170
1248 170
1431 170
100 169
309 169
467 169
542 169
104 168
211 168
217 168
697 168
843 168
992 168
1172 168
871 165
976 164
49 162
65 162
791 162
1168 162
397 161
502 161
538 161
574 161
579 161
673 161
712 161
861 161
1160 161
1237 161
19 160
31 160
78 160
469 160
524 160
535 160
726 160
110 159
231 159
447 159
483 159
718 159
228 157
509 157
915 157
1255 157
565 156
743 156
183 155
544 155
557 155
1178 155
383 154
618 152
371 151
135 150
802 150
832 150
911 150
62 149
523 149
623 147
575 146
607 146
111 145
570 145
647 145
1244 145
772 144
851 144
307 143
522 143
567 143
292 142
503 142
684 142
616 141
392 140
571 140
246 139
280 139
826 138
1038 138
1065 136
95 135
415 135
988 135
353 134
494 134
664 134
214 133
232 133
64 132
396 132
551 132
591 132
682 132
745 132
414 131
428 131
527 131
318 130
435 130
724 130
757 130
813 130
1074 130
1099 130
1166 130
465 128
471 128
621 128
731 128
531 127
894 127
902 127
90 126
153 126
158 126
478 126
645 126
279 125
329 125
679 125
690 125
936 125
986 125
1129 125
66 124
629 124
822 124
325 123
829 123
597 122
854 122
877 121
119 120
313 120
364 120
651 120
1109 120
537 119
716 119
1140 119
1252 119
165 118
224 118
477 118
533 118
707 118
951 118
205 117
210 117
671 117
837 117
842 117
241 116
387 116
1072 116
1152 116
1366 116
248 115
284 115
302 115
456 115
590 115
855 115
1012 115
253 114
320 114
330 114
638 114
763 114
958 114
1024 114
1154 114
1192 114
1216 114
1415 114
276 113
507 113
666 113
1090 113
1251 113
1264 113
1314 113
1315 113
182 112
185 112
362 112
810 111
925 111
395 110
1246 110
489 109
555 109
657 109
1002 109
351 108
719 108
862 108
602 107
705 107
735 107
900 107
912 107
1078 107
1411 107
1433 107
723 106
1075 106
595 105
134 104
258 104
300 104
708 104
998 104
1299 104
355 103
812 103
1250 103
1378 103
245 102
476 102
500 102
691 102
1122 102
283 101
556 101
519 100
950 100
453 99
496 99
514 99
720 99
913 99
1091 99
1301 99
1493 99
643 98
775 98
1331 98
518 97
661 97
48 96
488 96
663 96
770 96
1116 96
271 95
841 95
1363 95
215 94
460 94
619 94
1200 94
251 93
385 93
386 93
543 93
586 93
1173 93
422 92
539 92
717 92
905 92
850 91
935 91
76 90
777 90
938 90
475 89
120 88
369 88
381 88
441 88
650 88
654 88
896 88
1175 88
189 87
190 87
237 87
357 87
390 87
1045 87
462 86
759 86
1211 86
1304 86
581 85
592 85
742 85
746 85
756 85
872 85
326 84
881 84
919 84
948 84
733 83
749 83
793 83
1007 83
1156 83
1427 83
379 82
420 82
689 82
897 82
1158 82
425 81
744 81
794 81
864 81
1030 81
1040 81
266 80
398 80
670 80
1163 80
187 79
188 79
196 79
263 79
554 79
674 79
698 79
1021 79
1066 79
439 78
641 78
649 78
695 78
892 78
1041 78
168 77
348 77
639 77
904 77
921 77
996 77
1043 77
1230 77
208 76
536 76
636 76
667 76
715 76
750 76
853 76
388 75
959 75
552 74
637 74
830 74
1235 74
1242 74
145 73
444 73
634 73
1010 73
561 72
628 72
805 72
1000 72
1187 72
1194 72
1292 72
1300 72
438 71
440 71
583 71
610 71
801 71
807 71
869 71
1014 71
401 70
547 70
799 70
859 70
167 69
359 69
517 69
727 69
795 69
978 69
1047 69
1265 69
9 68
87 68
282 68
314 68
646 68
1422 68
264 67
408 67
513 67
550 67
660 67
796 67
1220 67
1061 66
1111 66
1188 66
1204 66
1395 66
140 65
562 65
700 65
1093 65
1133 65
1142 65
296 64
789 64
875 64
885 64
1440 64
220 63
400 63
402 63
427 63
445 63
499 63
572 63
659 63
688 63
702 63
955 63
1086 63
1113 63
612 62
1073 62
1323 62
631 61
171 60
675 60
840 60
937 60
1083 60
1290 60
490 59
497 59
520 59
606 59
732 59
838 59
945 59
974 59
1207 59
308 58
426 58
587 58
820 58
971 58
1184 58
1234 58
1410 58
1466 58
437 57
540 57
678 57
834 57
1183 57
290 56
765 56
776 56
780 56
866 56
956 56
982 56
1222 56
760 55
816 55
910 55
1039 55
1144 55
1379 55
243 54
472 54
722 54
754 54
934 54
965 54
298 53
495 53
564 53
703 53
1117 53
1118 53
1214 53
582 52
696 52
766 52
818 52
846 52
953 52
1062 52
1136 52
1258 52
1352 52
424 51
857 51
865 51
1191 51
1396 51
122 50
123 50
259 50
577 50
615 50
848 50
980 50
984 50
1110 50
1180 50
1326 50
1350 50
1351 50
59 49
377 49
665 49
923 49
1414 49
293 48
1004 48
1345 48
1491 48
785 47
1101 47
1181 47
1206 47
1278 47
96 46
310 46
609 46
815 46
914 46
1280 46
136 45
234 45
729 45
856 45
977 45
1161 45
1257 45
375 44
588 44
944 44
1170 44
1288 44
101 43
112 43
321 43
380 43
608 43
653 43
762 43
884 43
1270 43
1360 43
786 42
888 42
1015 42
1016 42
1221 42
1413 42
125 41
867 41
1167 41
1322 41
1327 41
1390 41
1391 41
1483 41
423 40
515 40
604 40
943 40
1028 40
1346 40
528 39
600 39
753 39
918 39
1138 39
1356 39
1389 39
1416 39
1444 39
305 38
463 38
644 38
783 38
817 38
852 38
1082 38
1085 38
1155 38
1208 38
1277 38
242 37
480 37
596 37
963 37
1067 37
1376 37
1405 37
1494 37
1502 37
512 36
576 36
640 36
685 36
989 36
1017 36
1071 36
1286 36
1456 36
546 35
630 35
758 35
764 35
825 35
833 35
1124 35
1177 35
1275 35
1335 35
1469 35
1540 35
627 34
655 34
1036 34
1306 34
1453 34
468 33
558 33
589 33
620 33
701 33
779 33
878 33
889 33
1023 33
1059 33
1084 33
1215 33
1344 33
1464 33
156 32
333 32
411 32
501 32
553 32
614 32
617 32
761 32
839 32
883 32
895 32
1106 32
1120 32
1218 32
1253 32
1318 32
1374 32
1421 32
262 31
346 31
1094 31
1267 31
1273 31
1325 31
1341 31
1545 31
769 30
891 30
908 30
1056 30
1103 30
1186 30
1229 30
1279 30
216 29
995 29
1139 29
1174 29
1185 29
1193 29
1198 29
1233 29
1324 29
1523 29
256 28
662 28
747 28
1044 28
1080 28
1119 28
1197 28
1316 28
1333 28
1393 28
1426 28
1475 28
115 27
713 27
738 27
890 27
924 27
928 27
942 27
1063 27
1068 27
1189 27
1348 27
1481 27
1484 27
391 26
529 26
792 26
899 26
1011 26
1029 26
1126 26
1150 26
1226 26
1254 26
1256 26
1340 26
1560 26
605 25
737 25
836 25
847 25
920 25
952 25
1037 25
1064 25
1274 25
1355 25
1399 25
1451 25
430 24
569 24
603 24
699 24
709 24
819 24
876 24
893 24
1025 24
1033 24
1312 24
1332 24
1526 24
1548 24
446 23
458 23
898 23
1009 23
1022 23
1112 23
1149 23
1239 23
1298 23
1362 23
1454 23
1474 23
1539 23
1578 23
903 22
906 22
957 22
1162 22
1289 22
1311 22
1339 22
1380 22
1479 22
1489 22
635 21
752 21
771 21
922 21
964 21
1026 21
1089 21
1151 21
1203 21
1224 21
1232 21
1238 21
1309 21
1353 21
1409 21
1449 21
1503 21
1584 21
949 20
1035 20
1049 20
1148 20
1171 20
1223 20
1225 20
1241 20
1266 20
1349 20
1412 20
1417 20
1420 20
1452 20
1518 20
1572 20
354 19
521 19
611 19
721 19
800 19
993 19
1034 19
1051 19
1070 19
1087 19
1157 19
1165 19
1190 19
1196 19
1199 19
1263 19
1276 19
1281 19
1296 19
367 18
626 18
672 18
714 18
973 18
1006 18
1027 18
1052 18
1053 18
1176 18
1291 18
1308 18
1358 18
1385 18
1436 18
1497 18
484 17
782 17
806 17
916 17
954 17
966 17
1077 17
1337 17
1383 17
1384 17
1397 17
1441 17
1465 17
1509 17
1557 17
146 16
545 16
739 16
972 16
983 16
1092 16
1115 16
1179 16
1268 16
1307 16
1425 16
1477 16
316 15
448 15
580 15
676 15
748 15
778 15
849 15
987 15
991 15
1123 15
1240 15
1247 15
1259 15
1282 15
1329 15
1359 15
1386 15
1403 15
1455 15
1542 15
1544 15
613 14
680 14
999 14
1001 14
1048 14
1055 14
1098 14
1105 14
1107 14
1202 14
1293 14
1367 14
1458 14
1527 14
1536 14
1550 14
1553 14
451 13
525 13
926 13
1008 13
1018 13
1182 13
1201 13
1212 13
1227 13
1372 13
1424 13
1428 13
1443 13
1446 13
1510 13
1538 13
493 12
548 12
642 12
751 12
803 12
824 12
909 12
940 12
946 12
968 12
1088 12
1146 12
1217 12
1283 12
1347 12
1368 12
1388 12
1450 12
1487 12
1574 12
668 11
967 11
1013 11
1050 11
1195 11
1249 11
1297 11
1328 11
1330 11
1338 11
1343 11
1361 11
1373 11
1404 11
1473 11
1513 11
1515 11
1519 11
1546 11
1569 11
728 10
734 10
768 10
804 10
947 10
962 10
1081 10
1121 10
1125 10
1143 10
1205 10
1287 10
1302 10
1429 10
1507 10
711 9
767 9
808 9
933 9
941 9
960 9
1079 9
1131 9
1317 9
1371 9
1392 9
1394 9
1406 9
1437 9
1472 9
1567 9
286 8
828 8
970 8
979 8
1127 8
1128 8
1153 8
1164 8
1169 8
1213 8
1228 8
1471 8
1492 8
1496 8
1521 8
1581 8
1605 8
116 7
413 7
481 7
1019 7
1057 7
1076 7
1219 7
1236 7
1243 7
1272 7
1285 7
1320 7
1387 7
1463 7
1504 7
1565 7
1589 7
1610 7
844 6
868 6
886 6
939 6
1097 6
1104 6
1108 6
1145 6
1210 6
1269 6
1354 6
1364 6
1381 6
1400 6
1407 6
1445 6
1447 6
1448 6
1457 6
1529 6
1577 6
1596 6
1042 5
1114 5
1132 5
1134 5
1260 5
1303 5
1319 5
1321 5
1357 5
1382 5
1398 5
1418 5
1423 5
1430 5
1438 5
1442 5
1462 5
1470 5
1485 5
1486 5
1490 5
1511 5
1528 5
1531 5
1534 5
1541 5
1543 5
1563 5
1579 5
1587 5
1588 5
990 4
1054 4
1130 4
1231 4
1245 4
1313 4
1342 4
1365 4
1375 4
1402 4
1488 4
1514 4
1517 4
1532 4
1549 4
1571 4
1576 4
1598 4
887 3
930 3
1135 3
1141 3
1261 3
1284 3
1295 3
1310 3
1334 3
1401 3
1432 3
1459 3
1460 3
1476 3
1480 3
1498 3
1500 3
1505 3
1508 3
1524 3
1525 3
1547 3
1551 3
1552 3
1564 3
1575 3
1580 3
1585 3
1597 3
1602 3
1607 3
1147 2
1271 2
1370 2
1408 2
1419 2
1434 2
1435 2
1439 2
1467 2
1478 2
1482 2
1495 2
1512 2
1516 2
1520 2
1530 2
1533 2
1535 2
1555 2
1568 2
1583 2
1586 2
1591 2
1593 2
1599 2
1600 2
1606 2
1608 2
1609 2
1616 2
1618 2
1624 2
1058 1
1137 1
1262 1
1468 1
1499 1
1506 1
1522 1
1537 1
1554 1
1556 1
1558 1
1559 1
1561 1
1562 1
1566 1
1570 1
1573 1
1582 1
1590 1
1592 1
1594 1
1595 1
1601 1
1603 1
1604 1
1611 1
1612 1
1613 1
1614 1
1615 1
1617 1
1619 1
1620 1
1621 1
1622 1
1623 1
1625 1
1626 1
1627 1
1628 1
1629 1
1461 0
1501 0
