5 252
8 252
10 252
17 252
19 252
21 252
22 252
24 252
26 252
27 252
37 252
40 252
57 252
68 252
76 252
81 252
85 252
88 252
91 252
103 252
136 252
142 252
143 252
151 252
152 252
157 252
163 252
164 252
166 252
167 252
169 252
170 252
171 252
173 252
174 252
199 252
204 252
208 252
211 252
214 252
244 252
245 252
248 252
251 252
257 252
258 252
267 252
275 252
282 252
287 252
291 252
296 252
301 252
318 252
324 252
349 252
371 252
380 252
381 252
382 252
383 252
385 252
390 252
413 252
428 252
462 252
513 252
545 252
609 252
628 252
667 252
674 252
686 252
694 252
695 252
696 252
713 252
726 252
738 252
748 252
751 252
759 252
806 252
920 252
927 252
1164 252
1173 252
1358 252
1360 252
1406 252
1408 252
1592 252
1732 252
1741 252
1920 252
2181 252
2237 252
2397 252
2398 252
2574 252
2839 252
82 251
2 243
3 243
66 243
80 243
1259 243
34 242
47 242
392 242
794 242
2003 242
28 241
35 241
231 241
302 241
4 240
25 240
39 240
48 240
63 240
104 240
145 240
186 240
201 240
207 240
218 240
219 240
220 240
259 240
264 240
286 240
378 240
389 240
514 240
742 240
1159 240
99 239
100 239
137 239
182 239
215 239
280 239
441 239
1777 239
14 237
29 237
72 237
78 237
112 237
144 237
237 237
319 237
393 237
433 237
476 237
530 237
2006 237
685 235
193 233
307 233
312 233
340 233
408 233
630 233
779 233
41 231
221 231
992 231
396 227
43 224
922 224
1976 224
411 223
502 223
655 223
46 222
276 220
519 220
268 218
414 218
2081 218
234 214
105 210
825 210
86 206
1326 206
316 202
485 200
279 198
305 198
377 198
431 198
500 198
551 198
649 198
313 197
328 197
342 196
733 195
492 192
1439 192
273 191
416 189
468 189
812 189
1349 189
1455 189
611 188
322 187
11 186
36 186
132 186
298 186
1769 186
168 185
7 183
139 182
314 182
1208 182
1213 182
2483 182
555 180
608 180
642 180
888 180
1115 180
1265 180
1331 178
127 177
576 177
110 176
216 175
281 175
394 175
451 174
372 173
652 173
1593 173
44 172
1806 172
1285 171
205 170
332 168
148 167
292 167
467 165
840 165
897 165
899 165
1254 165
1517 165
376 164
12 163
30 162
31 162
661 162
761 161
1218 160
1249 160
1352 160
93 159
1529 159
109 158
111 158
731 158
1034 158
1451 158
123 155
255 154
531 154
256 153
758 153
20 152
71 152
209 152
339 152
1162 152
1752 152
644 151
621 150
49 149
97 149
238 149
603 149
935 149
948 149
62 148
125 148
710 148
79 147
115 147
160 147
290 147
333 147
334 147
689 147
1868 147
2717 147
70 146
187 146
721 146
783 146
1004 146
9 145
518 143
1449 143
96 142
250 142
1128 142
1372 142
703 141
800 141
803 141
823 141
1105 141
509 138
284 137
472 137
724 137
1 136
50 136
58 136
69 136
124 136
134 136
150 136
159 136
194 136
217 136
265 136
402 136
561 136
683 136
715 136
1041 136
1048 136
417 135
1347 135
589 134
872 134
633 133
791 133
893 133
981 133
1081 133
1293 133
52 131
266 131
588 131
1193 131
780 130
407 129
506 129
535 128
784 128
885 128
1178 128
2064 128
15 127
16 127
106 127
940 127
154 125
317 125
776 125
1412 125
493 124
586 124
648 124
785 124
1009 124
1383 124
119 123
213 123
297 123
354 123
387 123
398 123
653 123
1514 123
1713 123
1886 123
122 122
241 122
363 122
2404 122
138 121
315 121
681 121
1226 121
1546 121
680 120
1637 120
475 119
939 119
228 118
277 118
1005 118
1346 118
1621 118
240 117
439 117
834 117
94 116
308 116
639 116
657 116
699 116
977 116
75 115
89 115
455 115
729 115
978 115
1291 115
1647 115
1971 115
2573 115
2706 115
626 114
832 114
299 112
915 112
522 111
880 111
1540 111
440 110
690 110
102 109
269 109
1169 109
1287 109
360 107
474 107
565 107
902 107
991 107
994 107
1003 107
1114 107
1283 107
1653 107
2340 107
789 106
95 105
126 105
246 105
375 105
585 105
1874 105
638 104
719 104
1401 104
1787 104
13 103
564 103
569 103
957 103
1336 103
1353 103
1609 103
131 101
1247 101
1290 101
1635 101
2643 101
330 100
629 100
663 100
1016 100
1200 100
55 99
117 99
189 99
594 99
1581 99
1736 99
2079 99
839 98
892 98
1192 98
310 97
788 97
1427 97
77 96
129 96
274 96
329 96
403 96
418 96
540 96
741 96
1278 96
1663 96
2509 96
45 95
224 95
617 95
675 95
723 95
1211 95
1228 95
1509 95
249 94
374 94
469 94
793 94
797 94
1341 94
2258 94
84 93
116 93
227 93
362 93
702 93
1111 93
1180 93
1999 93
2229 93
65 92
98 92
405 92
575 92
980 92
990 92
1131 92
1305 92
1443 92
1634 92
2044 92
202 91
446 91
517 91
607 91
1239 91
1471 91
1482 91
1588 91
1610 91
1684 91
1779 91
1884 91
1962 91
2171 91
236 90
568 90
706 90
804 90
890 90
1231 90
195 89
1320 89
1786 89
454 88
560 88
937 88
1020 88
1021 88
1135 88
1217 88
2470 88
327 87
401 87
735 87
950 87
1301 87
2524 87
83 86
184 86
384 86
921 86
1126 86
1463 86
2072 86
2647 86
1703 85
671 84
1168 84
1419 84
1577 84
2884 84
503 83
851 83
938 83
1469 83
128 82
521 82
854 82
886 82
945 82
971 82
1027 82
1088 82
1110 82
1855 82
18 81
483 81
552 81
614 81
745 81
1051 81
1073 81
1093 81
1189 81
1258 81
1311 81
1393 81
1677 81
2563 81
350 80
546 80
1071 80
1084 80
1282 80
1390 80
1751 80
1798 80
61 79
64 79
133 79
226 79
700 79
739 79
813 79
882 79
912 79
1118 79
1288 79
1304 79
1357 79
1837 79
1959 79
2058 79
212 78
285 78
397 78
434 78
511 78
532 78
580 78
707 78
762 78
769 78
891 78
996 78
1025 78
1098 78
1171 78
1276 78
1292 78
1533 78
2053 78
2103 78
2551 78
188 77
331 77
338 77
599 77
619 77
641 77
668 77
846 77
1100 77
1155 77
1495 77
53 76
430 76
958 76
1198 76
1295 76
1742 76
2860 76
235 75
365 75
412 75
491 75
495 75
554 75
592 75
716 75
964 75
1109 75
1340 75
347 74
369 74
818 74
1567 74
1689 74
1753 74
161 73
325 73
508 73
740 73
895 73
898 73
1149 73
1622 73
191 72
436 72
450 72
456 72
673 72
972 72
1527 72
2016 72
2094 72
2804 72
722 71
1052 71
1091 71
1553 71
2931 71
147 70
198 70
247 70
386 70
409 70
460 70
486 70
515 70
999 70
1371 70
1378 70
1966 70
2644 70
300 69
359 69
853 69
908 69
1054 69
1264 69
1524 69
1656 69
2047 69
2247 69
670 68
732 68
753 68
870 68
1028 68
1450 68
1750 68
2852 68
577 67
618 67
889 67
894 67
1056 67
1108 67
253 66
505 66
798 66
822 66
1191 66
1490 66
178 65
263 65
459 65
465 65
478 65
593 65
760 65
1046 65
1138 65
1201 65
1499 65
1725 65
2313 65
344 64
351 64
527 64
932 64
1119 64
1738 64
181 63
343 63
364 63
852 63
1297 63
1318 63
1486 63
2214 63
192 62
457 62
596 62
763 62
904 62
1146 62
1316 62
1348 62
1601 62
1631 62
1664 62
2147 62
2286 62
23 61
337 61
444 61
445 61
805 61
1033 61
1067 61
1205 61
1234 61
1470 61
1547 61
1735 61
1889 61
135 60
210 60
270 60
497 60
510 60
590 60
787 60
801 60
850 60
1001 60
1133 60
1165 60
1166 60
1214 60
1215 60
1368 60
1710 60
2142 60
2504 60
2537 60
114 59
232 59
449 59
525 59
563 59
570 59
582 59
659 59
701 59
967 59
974 59
1063 59
1069 59
1351 59
1377 59
1418 59
1420 59
1477 59
1550 59
1571 59
1640 59
1754 59
1820 59
423 58
557 58
631 58
855 58
875 58
1043 58
1232 58
1382 58
1453 58
2168 58
2172 58
2243 58
2690 58
2695 58
447 57
534 57
714 57
1049 57
1570 57
1905 57
2793 57
42 56
90 56
357 56
598 56
1000 56
1961 56
1967 56
2361 56
288 55
358 55
388 55
406 55
573 55
692 55
861 55
924 55
1142 55
1355 55
1466 55
1488 55
1859 55
2085 55
2268 55
361 54
496 54
799 54
838 54
913 54
943 54
1137 54
1315 54
1403 54
1428 54
1575 54
1838 54
2390 54
6 53
38 53
158 53
177 53
415 53
771 53
809 53
835 53
959 53
1006 53
1083 53
1102 53
1116 53
1241 53
1881 53
1964 53
2041 53
2261 53
2262 53
320 52
781 52
836 52
1044 52
1286 52
1560 52
1583 52
1650 52
1666 52
1933 52
1984 52
2401 52
2454 52
278 51
321 51
606 51
775 51
1060 51
1113 51
1117 51
1125 51
1130 51
1199 51
1530 51
1602 51
1785 51
1797 51
1839 51
1857 51
1860 51
2412 51
2466 51
54 50
107 50
200 50
293 50
463 50
533 50
550 50
605 50
635 50
636 50
717 50
746 50
909 50
933 50
1057 50
1236 50
1342 50
1436 50
1473 50
1539 50
1613 50
1614 50
1853 50
1930 50
1957 50
2356 50
2740 50
67 49
130 49
155 49
306 49
335 49
366 49
581 49
637 49
647 49
704 49
755 49
952 49
1031 49
1147 49
1306 49
1397 49
1521 49
2126 49
153 48
271 48
571 48
905 48
1163 48
1206 48
1313 48
1322 48
1364 48
1404 48
1793 48
1811 48
2289 48
303 47
481 47
774 47
860 47
1319 47
1321 47
1464 47
1525 47
1582 47
1862 47
1903 47
1977 47
2008 47
2559 47
400 46
438 46
816 46
884 46
907 46
917 46
1047 46
1089 46
1696 46
1896 46
1969 46
2026 46
2400 46
2832 46
118 45
352 45
489 45
650 45
654 45
766 45
883 45
930 45
1280 45
1413 45
1430 45
1612 45
1645 45
1836 45
1872 45
1997 45
2014 45
2185 45
2189 45
2226 45
2435 45
2463 45
523 44
524 44
537 44
583 44
966 44
1092 44
1112 44
1160 44
1174 44
1261 44
1384 44
1400 44
1516 44
2266 44
2499 44
2746 44
2747 44
140 43
229 43
373 43
443 43
632 43
634 43
651 43
656 43
910 43
960 43
1792 43
2128 43
2934 43
295 42
304 42
490 42
887 42
900 42
965 42
1064 42
1076 42
1152 42
1216 42
1307 42
1584 42
1963 42
2065 42
2234 42
183 41
239 41
712 41
857 41
871 41
954 41
1139 41
1148 41
1272 41
1354 41
1659 41
1755 41
1851 41
2193 41
2513 41
2737 41
2869 41
562 40
620 40
842 40
863 40
919 40
941 40
970 40
1074 40
1077 40
1101 40
1106 40
1121 40
1248 40
1255 40
1270 40
1566 40
1675 40
1832 40
2063 40
2338 40
2424 40
2427 40
2544 40
2682 40
1251 39
1274 39
1697 39
1943 39
2088 39
2123 39
2475 39
2529 39
32 38
425 38
453 38
553 38
916 38
1252 38
1800 38
1873 38
1875 38
1923 38
1998 38
2004 38
2022 38
2109 38
2164 38
2165 38
2188 38
2352 38
2386 38
346 37
466 37
470 37
512 37
548 37
643 37
687 37
757 37
792 37
1002 37
1122 37
1345 37
1519 37
1658 37
1671 37
1734 37
1856 37
1895 37
1925 37
2040 37
2420 37
272 36
437 36
461 36
488 36
578 36
601 36
625 36
691 36
1055 36
1167 36
1212 36
1250 36
1267 36
1327 36
1733 36
1850 36
2038 36
2180 36
2199 36
2238 36
2771 36
2919 36
536 35
574 35
595 35
622 35
658 35
725 35
876 35
914 35
934 35
963 35
983 35
1144 35
1170 35
1235 35
1268 35
1333 35
1399 35
1506 35
1807 35
1847 35
1861 35
2140 35
2547 35
2589 35
424 34
452 34
610 34
782 34
810 34
821 34
1269 34
1296 34
1376 34
1444 34
1505 34
1549 34
1606 34
1718 34
1849 34
2452 34
2480 34
2489 34
336 33
391 33
544 33
705 33
802 33
864 33
1010 33
1017 33
1300 33
1441 33
1555 33
1695 33
1931 33
2031 33
2075 33
2157 33
2403 33
2620 33
3019 33
121 32
309 32
494 32
499 32
786 32
790 32
826 32
923 32
1367 32
1485 32
1596 32
1721 32
1757 32
1788 32
2135 32
2205 32
2846 32
156 31
223 31
242 31
379 31
429 31
435 31
516 31
566 31
597 31
624 31
666 31
669 31
1026 31
1037 31
1244 31
1329 31
1388 31
1425 31
1447 31
1452 31
1489 31
1492 31
1496 31
1618 31
1665 31
1698 31
1801 31
1824 31
1908 31
2099 31
2210 31
2731 31
2784 31
2850 31
289 30
479 30
558 30
672 30
827 30
862 30
1053 30
1059 30
1195 30
1303 30
1416 30
1454 30
1458 30
1538 30
1589 30
1789 30
1990 30
2012 30
2043 30
2093 30
2097 30
2107 30
2203 30
2275 30
2438 30
2514 30
2632 30
56 29
92 29
404 29
464 29
677 29
697 29
845 29
962 29
1136 29
1298 29
1410 29
1435 29
1578 29
1626 29
1673 29
1722 29
1771 29
1863 29
1883 29
1907 29
2102 29
2306 29
2360 29
2798 29
345 28
426 28
471 28
615 28
1123 28
1194 28
1257 28
1263 28
1502 28
1562 28
1709 28
1766 28
1993 28
2042 28
2133 28
2167 28
2305 28
2395 28
2603 28
2738 28
2842 28
2870 28
2871 28
399 27
421 27
442 27
604 27
718 27
754 27
764 27
831 27
896 27
946 27
947 27
985 27
1038 27
1156 27
1273 27
1284 27
1402 27
1445 27
1498 27
1556 27
1620 27
1638 27
1727 27
1737 27
1802 27
1975 27
2411 27
2764 27
2908 27
2940 27
367 26
432 26
584 26
843 26
955 26
1090 26
1158 26
1175 26
1617 26
1690 26
1693 26
1765 26
1772 26
1791 26
1914 26
1917 26
1939 26
2002 26
2018 26
2076 26
2113 26
2197 26
2302 26
2362 26
2405 26
2605 26
2954 26
73 25
233 25
356 25
541 25
559 25
682 25
878 25
982 25
998 25
1018 25
1294 25
1317 25
1323 25
1362 25
1363 25
1513 25
1543 25
1611 25
1655 25
1749 25
1756 25
1796 25
1844 25
1865 25
1972 25
1982 25
2023 25
2046 25
2100 25
2101 25
2161 25
2196 25
2335 25
2490 25
2518 25
2627 25
2679 25
410 24
422 24
477 24
504 24
756 24
768 24
811 24
817 24
856 24
931 24
1024 24
1042 24
1082 24
1094 24
1240 24
1337 24
1411 24
1573 24
1830 24
1834 24
1885 24
1911 24
1946 24
1970 24
1979 24
2536 24
2565 24
420 23
660 23
662 23
770 23
837 23
1145 23
1202 23
1230 23
1242 23
1361 23
1414 23
1504 23
1542 23
1545 23
1561 23
1674 23
1700 23
1782 23
1827 23
2160 23
2584 23
2709 23
2873 23
230 22
355 22
482 22
526 22
543 22
587 22
602 22
819 22
847 22
918 22
984 22
1011 22
1104 22
1181 22
1256 22
1324 22
1387 22
1500 22
1615 22
1813 22
1823 22
1825 22
1842 22
1981 22
1994 22
2213 22
2321 22
2461 22
2464 22
2538 22
2608 22
2930 22
2953 22
206 21
254 21
260 21
623 21
720 21
730 21
777 21
942 21
969 21
1012 21
1078 21
1233 21
1392 21
1417 21
1682 21
1691 21
1790 21
2009 21
2137 21
2437 21
2456 21
2506 21
2531 21
2659 21
2819 21
252 20
600 20
727 20
879 20
903 20
1103 20
1127 20
1210 20
1225 20
1379 20
1391 20
1424 20
1457 20
1465 20
1481 20
1497 20
1569 20
1599 20
1633 20
1668 20
1707 20
1708 20
1715 20
1716 20
1739 20
1922 20
1934 20
1947 20
1949 20
1983 20
2000 20
2019 20
2030 20
2039 20
2144 20
2191 20
2200 20
2278 20
2279 20
2484 20
2494 20
2511 20
2639 20
2677 20
2696 20
2703 20
2750 20
2789 20
2939 20
87 19
203 19
520 19
538 19
549 19
877 19
961 19
1141 19
1179 19
1309 19
1334 19
1343 19
1446 19
1598 19
1636 19
1805 19
1826 19
1831 19
2027 19
2055 19
2080 19
2120 19
2194 19
2263 19
2301 19
2417 19
2434 19
2487 19
2586 19
2623 19
2636 19
2835 19
2904 19
2963 19
2973 19
51 18
113 18
175 18
176 18
419 18
645 18
646 18
698 18
829 18
1087 18
1099 18
1124 18
1219 18
1227 18
1431 18
1437 18
1438 18
1460 18
1462 18
1487 18
1554 18
1574 18
1743 18
1775 18
1778 18
2034 18
2096 18
2121 18
2131 18
2149 18
2152 18
2235 18
2244 18
2251 18
2257 18
2314 18
2413 18
2445 18
2655 18
2763 18
2790 18
2915 18
547 17
765 17
848 17
849 17
993 17
1039 17
1097 17
1172 17
1328 17
1344 17
1365 17
1381 17
1386 17
1474 17
1558 17
1590 17
1591 17
1616 17
1624 17
1681 17
1692 17
1699 17
1759 17
1809 17
1821 17
1880 17
1887 17
1932 17
1986 17
2024 17
2067 17
2124 17
2177 17
2182 17
2183 17
2230 17
2371 17
2378 17
2381 17
2473 17
2482 17
2492 17
2497 17
2612 17
2613 17
2614 17
2633 17
2656 17
74 16
162 16
480 16
616 16
1061 16
1075 16
1220 16
1221 16
1223 16
1405 16
1433 16
1442 16
1510 16
1528 16
1544 16
1748 16
1773 16
1841 16
1852 16
1928 16
1929 16
2221 16
2225 16
2346 16
2376 16
2459 16
2467 16
2557 16
2599 16
2609 16
2628 16
2688 16
2704 16
2779 16
2788 16
2848 16
2862 16
2890 16
2972 16
101 15
261 15
676 15
752 15
995 15
997 15
1032 15
1132 15
1186 15
1187 15
1266 15
1277 15
1279 15
1299 15
1308 15
1332 15
1339 15
1434 15
1475 15
1619 15
1630 15
1641 15
1644 15
1660 15
1669 15
1680 15
1683 15
1866 15
1926 15
1938 15
1951 15
2001 15
2037 15
2111 15
2116 15
2129 15
2158 15
2217 15
2253 15
2309 15
2377 15
2519 15
2528 15
2650 15
2680 15
2689 15
2881 15
3016 15
179 14
368 14
395 14
448 14
528 14
613 14
684 14
709 14
728 14
815 14
1007 14
1019 14
1040 14
1096 14
1260 14
1325 14
1407 14
1422 14
1563 14
1604 14
1607 14
1608 14
1687 14
1762 14
1814 14
1906 14
1919 14
1954 14
1965 14
2132 14
2207 14
2248 14
2291 14
2322 14
2419 14
2476 14
2520 14
2566 14
2598 14
2610 14
2666 14
2772 14
2826 14
2856 14
2886 14
108 13
341 13
579 13
693 13
734 13
820 13
865 13
881 13
987 13
1022 13
1058 13
1157 13
1161 13
1185 13
1196 13
1204 13
1335 13
1370 13
1415 13
1468 13
1479 13
1501 13
1580 13
1597 13
1628 13
1648 13
1652 13
1661 13
1758 13
1822 13
1882 13
1892 13
1916 13
1927 13
1936 13
1952 13
2011 13
2049 13
2062 13
2069 13
2122 13
2166 13
2190 13
2204 13
2209 13
2219 13
2264 13
2296 13
2341 13
2351 13
2448 13
2496 13
2575 13
2637 13
2649 13
2653 13
2663 13
2665 13
2668 13
2685 13
2741 13
2742 13
2748 13
2950 13
3018 13
60 12
185 12
311 12
458 12
498 12
737 12
749 12
867 12
1023 12
1035 12
1224 12
1281 12
1312 12
1432 12
1520 12
1587 12
1670 12
1704 12
1705 12
1731 12
1740 12
1815 12
1835 12
1840 12
1898 12
1900 12
1909 12
1924 12
1941 12
1942 12
1945 12
1980 12
1989 12
1995 12
2015 12
2036 12
2050 12
2084 12
2112 12
2154 12
2162 12
2173 12
2186 12
2354 12
2382 12
2394 12
2481 12
2493 12
2521 12
2532 12
2561 12
2567 12
2569 12
2570 12
2581 12
2601 12
2611 12
2642 12
2671 12
2702 12
2708 12
2712 12
2729 12
2732 12
2733 12
2744 12
2816 12
2896 12
2902 12
2997 12
3002 12
3003 12
473 11
828 11
869 11
928 11
1143 11
1207 11
1238 11
1467 11
1508 11
1512 11
1531 11
1576 11
1679 11
1686 11
1702 11
1720 11
1763 11
1767 11
1780 11
1804 11
1869 11
1899 11
1912 11
1915 11
1918 11
1985 11
2013 11
2025 11
2051 11
2066 11
2090 11
2141 11
2174 11
2201 11
2212 11
2231 11
2260 11
2276 11
2285 11
2319 11
2380 11
2387 11
2391 11
2406 11
2471 11
2486 11
2523 11
2541 11
2542 11
2553 11
2558 11
2593 11
2607 11
2617 11
2654 11
2676 11
2678 11
2698 11
2727 11
2761 11
2879 11
2921 11
2932 11
120 10
225 10
243 10
678 10
747 10
844 10
868 10
926 10
956 10
976 10
1008 10
1014 10
1029 10
1065 10
1066 10
1140 10
1503 10
1627 10
1646 10
1764 10
1781 10
1784 10
1891 10
1904 10
1937 10
1956 10
1996 10
2010 10
2073 10
2092 10
2134 10
2179 10
2315 10
2318 10
2330 10
2332 10
2366 10
2423 10
2439 10
2446 10
2465 10
2472 10
2477 10
2522 10
2577 10
2662 10
2670 10
2726 10
2797 10
2799 10
2805 10
2829 10
2891 10
2916 10
2938 10
2960 10
2970 10
149 9
172 9
294 9
370 9
487 9
556 9
572 9
591 9
612 9
708 9
772 9
778 9
929 9
944 9
975 9
1045 9
1150 9
1153 9
1176 9
1409 9
1522 9
1536 9
1548 9
1568 9
1586 9
1595 9
1651 9
1719 9
1858 9
1879 9
1894 9
2007 9
2028 9
2052 9
2059 9
2087 9
2110 9
2136 9
2184 9
2267 9
2272 9
2295 9
2303 9
2329 9
2383 9
2388 9
2389 9
2416 9
2421 9
2429 9
2431 9
2436 9
2442 9
2444 9
2453 9
2468 9
2516 9
2525 9
2578 9
2604 9
2626 9
2630 9
2634 9
2667 9
2686 9
2720 9
2730 9
2754 9
2778 9
2792 9
2822 9
2837 9
2878 9
3004 9
283 8
427 8
507 8
542 8
814 8
824 8
988 8
1068 8
1079 8
1095 8
1107 8
1183 8
1380 8
1395 8
1421 8
1440 8
1523 8
1594 8
1603 8
1625 8
1629 8
1723 8
1726 8
1746 8
1843 8
1870 8
1871 8
1876 8
1910 8
1960 8
2020 8
2057 8
2083 8
2095 8
2106 8
2139 8
2227 8
2240 8
2242 8
2246 8
2256 8
2273 8
2299 8
2455 8
2457 8
2517 8
2560 8
2568 8
2595 8
2600 8
2635 8
2645 8
2652 8
2675 8
2684 8
2693 8
2782 8
2800 8
2900 8
2906 8
2975 8
2983 8
679 7
736 7
858 7
874 7
949 7
953 7
1015 7
1030 7
1036 7
1154 7
1177 7
1237 7
1243 7
1310 7
1314 7
1359 7
1375 7
1423 7
1429 7
1459 7
1476 7
1511 7
1515 7
1564 7
1565 7
1572 7
1579 7
1585 7
1649 7
1662 7
1667 7
1672 7
1685 7
1688 7
1694 7
1711 7
1712 7
1724 7
1768 7
1877 7
1888 7
2054 7
2060 7
2061 7
2105 7
2108 7
2115 7
2118 7
2153 7
2155 7
2208 7
2211 7
2236 7
2239 7
2283 7
2316 7
2325 7
2328 7
2355 7
2393 7
2407 7
2430 7
2503 7
2508 7
2533 7
2587 7
2591 7
2661 7
2701 7
2743 7
2749 7
2759 7
2795 7
2812 7
2834 7
2857 7
2863 7
2865 7
2880 7
2942 7
2952 7
3014 7
33 6
59 6
141 6
180 6
190 6
484 6
743 6
744 6
808 6
830 6
833 6
873 6
979 6
986 6
1151 6
1184 6
1271 6
1289 6
1350 6
1356 6
1398 6
1472 6
1478 6
1483 6
1493 6
1518 6
1600 6
1623 6
1639 6
1701 6
1783 6
1803 6
1819 6
1828 6
1864 6
1944 6
1973 6
1974 6
1991 6
2074 6
2089 6
2091 6
2114 6
2117 6
2119 6
2198 6
2202 6
2215 6
2222 6
2274 6
2281 6
2293 6
2308 6
2317 6
2326 6
2327 6
2342 6
2364 6
2374 6
2384 6
2392 6
2469 6
2478 6
2526 6
2527 6
2539 6
2548 6
2592 6
2615 6
2624 6
2640 6
2646 6
2660 6
2664 6
2683 6
2700 6
2721 6
2723 6
2734 6
2777 6
2783 6
2787 6
2802 6
2813 6
2830 6
2836 6
2868 6
2875 6
2888 6
2889 6
2892 6
2901 6
2905 6
2913 6
2925 6
2944 6
2948 6
2949 6
2979 6
3015 6
3023 6
196 5
197 5
222 5
665 5
795 5
796 5
807 5
841 5
859 5
925 5
951 5
968 5
1072 5
1262 5
1338 5
1389 5
1426 5
1448 5
1456 5
1494 5
1534 5
1537 5
1551 5
1605 5
1642 5
1654 5
1717 5
1730 5
1770 5
1810 5
1829 5
1845 5
1921 5
1948 5
1955 5
2045 5
2056 5
2098 5
2104 5
2146 5
2150 5
2156 5
2169 5
2216 5
2228 5
2232 5
2282 5
2290 5
2297 5
2334 5
2344 5
2349 5
2350 5
2357 5
2408 5
2415 5
2418 5
2432 5
2441 5
2451 5
2474 5
2488 5
2562 5
2572 5
2576 5
2619 5
2622 5
2681 5
2718 5
2719 5
2728 5
2755 5
2807 5
2809 5
2820 5
2824 5
2840 5
2858 5
2859 5
2914 5
2927 5
2936 5
2947 5
2977 5
2978 5
2981 5
2986 5
2994 5
3005 5
146 4
323 4
348 4
501 4
567 4
664 4
711 4
750 4
901 4
906 4
911 4
973 4
989 4
1050 4
1070 4
1120 4
1182 4
1209 4
1245 4
1253 4
1302 4
1330 4
1373 4
1396 4
1480 4
1484 4
1507 4
1526 4
1532 4
1535 4
1541 4
1552 4
1559 4
1632 4
1643 4
1678 4
1744 4
1774 4
1795 4
1799 4
1848 4
1878 4
1897 4
1901 4
1913 4
1987 4
1988 4
1992 4
2005 4
2017 4
2033 4
2082 4
2125 4
2130 4
2143 4
2148 4
2192 4
2206 4
2223 4
2224 4
2280 4
2294 4
2300 4
2304 4
2323 4
2324 4
2339 4
2348 4
2369 4
2385 4
2399 4
2447 4
2460 4
2495 4
2500 4
2510 4
2515 4
2555 4
2564 4
2571 4
2588 4
2597 4
2658 4
2672 4
2687 4
2714 4
2716 4
2725 4
2735 4
2739 4
2786 4
2791 4
2814 4
2831 4
2838 4
2844 4
2845 4
2849 4
2851 4
2866 4
2877 4
2894 4
2898 4
2909 4
2910 4
2920 4
2924 4
2928 4
2933 4
2937 4
2951 4
2967 4
2976 4
2984 4
2995 4
3007 4
866 3
936 3
1062 3
1085 3
1190 3
1203 3
1222 3
1229 3
1246 3
1461 3
1557 3
1657 3
1676 3
1714 3
1728 3
1747 3
1761 3
1776 3
1816 3
1817 3
1846 3
1867 3
1890 3
1940 3
1950 3
2021 3
2035 3
2070 3
2071 3
2086 3
2127 3
2138 3
2178 3
2187 3
2220 3
2249 3
2250 3
2254 3
2265 3
2271 3
2287 3
2288 3
2292 3
2311 3
2337 3
2347 3
2368 3
2370 3
2373 3
2379 3
2425 3
2426 3
2428 3
2458 3
2462 3
2485 3
2491 3
2505 3
2535 3
2545 3
2549 3
2580 3
2585 3
2616 3
2618 3
2621 3
2625 3
2629 3
2641 3
2651 3
2669 3
2673 3
2674 3
2699 3
2707 3
2724 3
2753 3
2757 3
2758 3
2766 3
2770 3
2774 3
2796 3
2806 3
2811 3
2825 3
2833 3
2853 3
2854 3
2861 3
2864 3
2867 3
2876 3
2882 3
2883 3
2885 3
2893 3
2903 3
2907 3
2911 3
2917 3
2958 3
2965 3
2988 3
2993 3
2999 3
3006 3
353 2
529 2
539 2
627 2
640 2
688 2
767 2
773 2
1013 2
1086 2
1129 2
1134 2
1188 2
1197 2
1366 2
1369 2
1374 2
1385 2
1394 2
1491 2
1706 2
1729 2
1760 2
1794 2
1808 2
1812 2
1854 2
1893 2
1902 2
1935 2
1958 2
2029 2
2032 2
2048 2
2068 2
2145 2
2151 2
2163 2
2175 2
2176 2
2195 2
2233 2
2277 2
2284 2
2312 2
2331 2
2336 2
2353 2
2359 2
2363 2
2365 2
2372 2
2402 2
2414 2
2440 2
2443 2
2479 2
2507 2
2540 2
2554 2
2556 2
2579 2
2582 2
2590 2
2596 2
2606 2
2631 2
2638 2
2657 2
2691 2
2692 2
2694 2
2697 2
2710 2
2711 2
2713 2
2715 2
2736 2
2751 2
2756 2
2762 2
2765 2
2768 2
2773 2
2785 2
2801 2
2803 2
2810 2
2815 2
2823 2
2827 2
2855 2
2895 2
2912 2
2923 2
2926 2
2929 2
2943 2
2961 2
2962 2
2964 2
2966 2
2968 2
2971 2
2987 2
2990 2
2991 2
3000 2
3009 2
3025 2
3029 2
165 1
262 1
326 1
1080 1
1745 1
1818 1
1833 1
1953 1
1968 1
1978 1
2077 1
2078 1
2159 1
2170 1
2218 1
2241 1
2245 1
2255 1
2259 1
2270 1
2298 1
2307 1
2310 1
2333 1
2343 1
2345 1
2358 1
2367 1
2375 1
2396 1
2409 1
2410 1
2422 1
2433 1
2449 1
2450 1
2498 1
2501 1
2502 1
2530 1
2534 1
2543 1
2546 1
2550 1
2552 1
2583 1
2602 1
2648 1
2705 1
2722 1
2745 1
2752 1
2760 1
2767 1
2769 1
2775 1
2776 1
2780 1
2781 1
2794 1
2808 1
2817 1
2818 1
2821 1
2828 1
2841 1
2847 1
2872 1
2874 1
2887 1
2897 1
2899 1
2918 1
2922 1
2935 1
2941 1
2945 1
2946 1
2955 1
2956 1
2957 1
2959 1
2969 1
2974 1
2980 1
2982 1
2985 1
2989 1
2992 1
2996 1
2998 1
3001 1
3008 1
3011 1
3012 1
3013 1
3017 1
3020 1
3021 1
3022 1
3024 1
3026 1
3027 1
3028 1
1275 0
2252 0
2269 0
2320 0
2512 0
2594 0
2843 0
3010 0
