1 70
2 70
3 70
5 70
48 70
49 70
53 70
54 70
55 70
56 70
57 70
58 70
62 70
69 70
70 70
83 70
136 70
151 70
161 70
179 70
192 70
193 70
194 70
210 70
216 70
252 70
281 70
285 70
288 70
305 70
365 70
384 70
387 70
388 70
408 70
409 70
469 70
511 70
736 70
804 70
822 70
828 70
855 70
81 66
120 66
130 66
131 66
159 66
191 66
271 66
543 66
681 66
808 66
286 64
841 61
82 60
106 60
173 60
233 60
562 60
61 56
85 56
86 56
104 56
105 56
128 56
137 56
141 56
165 56
182 56
209 56
249 56
256 56
282 56
283 56
303 56
358 56
359 56
377 56
378 56
410 56
483 56
578 56
694 56
15 55
80 55
88 55
113 55
127 55
211 55
300 55
347 55
364 55
400 55
509 55
4 54
12 54
20 54
27 54
40 54
41 54
43 54
45 54
47 54
63 54
79 54
95 54
112 54
114 54
115 54
144 54
146 54
164 54
168 54
169 54
172 54
183 54
186 54
208 54
245 54
254 54
263 54
269 54
280 54
290 54
307 54
318 54
322 54
327 54
329 54
348 54
354 54
360 54
368 54
393 54
395 54
396 54
403 54
457 54
461 54
462 54
482 54
484 54
524 54
537 54
606 54
816 54
889 54
893 54
928 54
243 53
132 51
402 51
877 51
22 50
153 50
301 50
349 50
398 50
634 50
852 50
14 49
16 49
26 49
29 49
34 49
39 49
44 49
46 49
50 49
74 49
75 49
87 49
122 49
133 49
134 49
135 49
138 49
139 49
154 49
163 49
170 49
171 49
215 49
236 49
251 49
253 49
255 49
272 49
304 49
325 49
326 49
328 49
353 49
366 49
399 49
404 49
405 49
407 49
413 49
414 49
419 49
420 49
421 49
424 49
425 49
426 49
428 49
433 49
474 49
538 49
167 48
18 47
19 47
28 47
30 47
35 47
214 47
475 47
9 46
23 46
25 46
32 46
37 46
38 46
92 46
118 46
142 46
150 46
160 46
162 46
207 46
258 46
261 46
356 46
385 46
418 46
466 46
478 45
67 44
68 44
73 44
221 44
222 44
223 44
226 44
248 44
259 44
260 44
268 44
273 44
297 44
306 44
314 44
315 44
316 44
331 44
373 44
437 44
438 44
468 44
479 44
499 44
500 44
504 44
540 44
609 44
661 44
824 44
31 43
278 43
302 43
522 43
595 43
157 42
234 42
518 42
523 42
551 42
842 42
956 42
125 41
140 41
152 41
274 41
296 41
497 41
6 40
11 40
13 40
17 40
24 40
59 40
60 40
64 40
72 40
84 40
93 40
94 40
102 40
103 40
107 40
166 40
176 40
177 40
180 40
187 40
195 40
196 40
198 40
199 40
200 40
202 40
205 40
206 40
213 40
217 40
218 40
231 40
232 40
264 40
265 40
266 40
275 40
292 40
295 40
309 40
310 40
319 40
320 40
330 40
332 40
334 40
343 40
361 40
363 40
370 40
374 40
389 40
406 40
416 40
417 40
436 40
440 40
444 40
449 40
489 40
506 40
517 40
534 40
553 40
559 40
588 40
602 40
746 40
751 40
812 40
856 40
897 40
964 40
123 39
188 39
394 39
451 39
910 39
10 38
33 38
51 38
52 38
78 38
89 38
90 38
91 38
156 38
158 38
178 38
190 38
203 38
204 38
235 38
238 38
241 38
242 38
244 38
250 38
284 38
369 38
382 38
397 38
431 38
441 38
443 38
452 38
458 38
470 38
471 38
488 38
528 38
536 38
539 38
582 38
585 38
601 38
650 38
651 38
773 38
905 38
913 38
914 38
946 38
36 37
109 37
185 37
481 37
657 37
240 36
311 36
323 36
324 36
584 36
925 36
929 36
945 36
277 35
76 34
355 34
423 34
548 34
572 34
798 34
77 33
149 33
237 33
345 33
383 33
454 33
547 33
638 33
175 32
189 32
225 32
270 32
422 32
541 32
711 32
969 31
65 30
111 30
174 30
317 30
338 30
581 30
663 30
667 30
129 29
229 29
337 29
439 29
446 29
472 29
570 29
921 29
974 29
7 28
8 28
96 28
97 28
98 28
99 28
100 28
101 28
116 28
117 28
145 28
181 28
212 28
267 28
287 28
299 28
312 28
321 28
350 28
351 28
352 28
379 28
381 28
386 28
430 28
455 28
476 28
485 28
490 28
495 28
516 28
520 28
535 28
560 28
575 28
596 28
605 28
659 28
675 28
686 28
695 28
696 28
703 28
707 28
716 28
745 28
435 27
491 27
564 27
580 27
587 27
662 27
732 27
754 27
774 27
799 27
819 27
971 27
983 27
124 26
197 26
219 26
291 26
335 26
372 26
501 26
567 26
126 25
294 25
344 25
376 25
519 25
561 25
640 25
677 25
811 25
121 24
147 24
148 24
155 24
228 24
239 24
262 24
336 24
339 24
340 24
341 24
342 24
447 24
448 24
450 24
453 24
473 24
487 24
554 24
563 24
615 24
818 24
110 23
401 23
429 23
465 23
502 23
505 23
512 23
526 23
544 23
557 23
579 23
647 23
717 23
762 23
836 23
922 23
923 23
926 23
927 23
257 22
289 22
691 22
21 21
108 21
220 21
246 21
247 21
293 21
313 21
371 21
434 21
480 21
546 21
592 21
620 21
635 21
636 21
752 21
230 20
346 20
380 20
477 20
492 20
493 20
549 20
612 20
658 20
670 20
704 20
765 20
909 20
918 20
947 20
953 20
456 19
527 19
532 19
545 19
639 19
672 19
674 19
119 18
143 18
333 18
533 18
623 18
847 18
869 18
904 18
920 18
276 17
459 17
573 17
591 17
637 17
722 17
805 17
906 17
915 17
950 17
952 17
298 16
445 16
514 16
529 16
530 16
542 16
594 16
668 16
682 16
723 16
727 16
806 16
917 16
967 16
71 15
224 15
227 15
507 15
521 15
725 15
756 15
802 15
980 15
42 14
357 14
550 14
645 14
720 14
931 14
933 14
201 13
279 13
308 13
362 13
367 13
494 13
496 13
555 13
643 13
715 13
730 13
731 13
786 13
949 13
184 12
432 12
464 12
508 12
556 12
566 12
621 12
486 11
568 11
577 11
598 11
604 11
613 11
618 11
679 11
714 11
761 11
768 11
814 11
862 11
874 11
880 11
883 11
943 11
973 11
66 10
375 10
531 10
583 10
660 10
702 10
780 10
815 10
948 10
995 10
411 9
631 9
652 9
690 9
692 9
749 9
783 9
796 9
850 9
886 9
951 9
460 8
510 8
593 8
617 8
619 8
683 8
801 8
809 8
829 8
932 8
957 8
576 7
610 7
633 7
648 7
721 7
726 7
733 7
739 7
747 7
764 7
775 7
795 7
800 7
832 7
837 7
866 7
994 7
467 6
498 6
586 6
590 6
607 6
608 6
624 6
665 6
689 6
701 6
705 6
712 6
718 6
719 6
737 6
750 6
778 6
810 6
831 6
845 6
846 6
882 6
954 6
960 6
965 6
503 5
525 5
603 5
611 5
625 5
734 5
741 5
766 5
782 5
790 5
794 5
813 5
860 5
888 5
902 5
903 5
908 5
963 5
976 5
984 5
390 4
392 4
412 4
415 4
513 4
641 4
642 4
678 4
693 4
698 4
710 4
724 4
738 4
743 4
758 4
779 4
793 4
821 4
825 4
851 4
853 4
863 4
864 4
875 4
879 4
900 4
919 4
930 4
979 4
990 4
391 3
558 3
597 3
599 3
616 3
628 3
664 3
709 3
740 3
755 3
759 3
763 3
777 3
788 3
797 3
807 3
817 3
844 3
848 3
865 3
884 3
892 3
935 3
938 3
941 3
962 3
977 3
981 3
463 2
565 2
574 2
600 2
614 2
626 2
627 2
673 2
676 2
685 2
688 2
697 2
706 2
757 2
776 2
791 2
827 2
833 2
834 2
838 2
839 2
840 2
867 2
870 2
871 2
890 2
895 2
911 2
916 2
936 2
955 2
961 2
970 2
972 2
982 2
989 2
992 2
427 1
442 1
515 1
552 1
569 1
589 1
622 1
630 1
632 1
646 1
653 1
655 1
669 1
684 1
700 1
713 1
735 1
748 1
753 1
760 1
767 1
770 1
771 1
772 1
781 1
784 1
785 1
787 1
789 1
792 1
820 1
823 1
826 1
830 1
835 1
843 1
849 1
854 1
857 1
858 1
859 1
861 1
868 1
872 1
873 1
876 1
878 1
881 1
885 1
887 1
891 1
894 1
896 1
898 1
899 1
901 1
907 1
912 1
924 1
934 1
937 1
939 1
940 1
942 1
944 1
958 1
966 1
968 1
975 1
978 1
985 1
986 1
987 1
988 1
991 1
993 1
996 1
997 1
998 1
571 0
629 0
644 0
649 0
654 0
656 0
666 0
671 0
680 0
687 0
699 0
708 0
728 0
729 0
742 0
744 0
769 0
803 0
959 0
