18 23
19 23
20 23
21 23
230 23
231 23
232 23
245 23
251 23
252 23
253 23
254 23
276 23
277 23
280 23
423 23
424 23
425 23
717 23
249 20
250 20
3 11
4 11
5 11
6 11
7 11
8 11
9 11
10 11
11 11
12 11
13 11
14 11
15 11
22 11
23 11
29 11
30 11
31 11
33 11
34 11
90 11
91 11
92 11
93 11
94 11
95 11
96 11
97 11
98 11
108 11
109 11
110 11
111 11
112 11
113 11
114 11
115 11
201 11
202 11
281 11
282 11
35 10
1 9
2 9
36 9
37 9
188 9
189 9
278 9
279 9
24 8
25 8
26 8
27 8
28 8
32 8
200 8
335 8
336 8
306 7
337 6
338 6
339 6
56 5
101 5
102 5
173 5
174 5
175 5
176 5
180 5
181 5
184 5
185 5
186 5
187 5
203 5
204 5
205 5
226 5
227 5
228 5
229 5
257 5
291 5
418 5
419 5
420 5
421 5
422 5
48 4
59 4
60 4
125 4
126 4
127 4
128 4
129 4
130 4
131 4
148 4
149 4
150 4
152 4
153 4
246 4
247 4
248 4
274 4
275 4
293 4
294 4
340 4
341 4
342 4
343 4
367 4
368 4
370 4
466 4
481 4
482 4
483 4
505 4
551 4
552 4
624 4
920 4
921 4
16 3
17 3
49 3
50 3
51 3
52 3
58 3
64 3
65 3
68 3
75 3
76 3
77 3
82 3
83 3
134 3
138 3
139 3
140 3
141 3
154 3
155 3
161 3
162 3
163 3
164 3
165 3
166 3
167 3
168 3
169 3
177 3
182 3
183 3
210 3
211 3
212 3
213 3
243 3
260 3
261 3
262 3
263 3
316 3
317 3
324 3
325 3
329 3
330 3
331 3
359 3
360 3
365 3
366 3
390 3
391 3
392 3
393 3
394 3
395 3
469 3
470 3
471 3
472 3
473 3
474 3
494 3
524 3
525 3
603 3
604 3
605 3
634 3
635 3
686 3
687 3
713 3
714 3
719 3
724 3
729 3
730 3
774 3
775 3
821 3
999 3
1000 3
1001 3
1002 3
40 2
41 2
44 2
45 2
46 2
47 2
53 2
54 2
55 2
57 2
61 2
62 2
63 2
66 2
67 2
69 2
70 2
80 2
81 2
84 2
99 2
100 2
103 2
104 2
105 2
106 2
107 2
116 2
117 2
118 2
119 2
120 2
121 2
122 2
135 2
136 2
137 2
142 2
143 2
146 2
151 2
159 2
160 2
190 2
191 2
192 2
214 2
215 2
218 2
222 2
235 2
244 2
258 2
259 2
269 2
270 2
271 2
272 2
273 2
283 2
284 2
285 2
292 2
297 2
298 2
301 2
302 2
303 2
307 2
308 2
309 2
310 2
311 2
312 2
313 2
318 2
319 2
320 2
321 2
322 2
323 2
326 2
327 2
328 2
332 2
333 2
334 2
344 2
345 2
346 2
347 2
348 2
357 2
358 2
361 2
362 2
363 2
364 2
369 2
371 2
372 2
375 2
376 2
377 2
378 2
379 2
380 2
381 2
382 2
383 2
396 2
399 2
400 2
401 2
402 2
403 2
404 2
405 2
408 2
409 2
414 2
415 2
416 2
430 2
431 2
437 2
438 2
439 2
440 2
441 2
459 2
460 2
465 2
475 2
476 2
477 2
478 2
479 2
480 2
501 2
502 2
509 2
510 2
518 2
519 2
522 2
531 2
532 2
533 2
534 2
538 2
543 2
544 2
548 2
549 2
561 2
562 2
568 2
569 2
570 2
571 2
575 2
576 2
591 2
592 2
593 2
594 2
599 2
600 2
606 2
607 2
608 2
609 2
618 2
622 2
623 2
631 2
632 2
650 2
651 2
656 2
657 2
658 2
659 2
660 2
661 2
667 2
668 2
669 2
672 2
673 2
674 2
675 2
676 2
682 2
690 2
691 2
694 2
695 2
696 2
701 2
702 2
703 2
720 2
721 2
727 2
728 2
731 2
732 2
734 2
735 2
736 2
737 2
738 2
739 2
740 2
741 2
744 2
747 2
748 2
751 2
752 2
757 2
758 2
759 2
760 2
761 2
768 2
769 2
770 2
771 2
789 2
790 2
799 2
800 2
812 2
813 2
822 2
823 2
824 2
825 2
855 2
856 2
859 2
870 2
871 2
874 2
875 2
889 2
890 2
891 2
892 2
927 2
928 2
929 2
930 2
931 2
932 2
985 2
986 2
987 2
995 2
998 2
1003 2
1004 2
1017 2
1033 2
1047 2
1048 2
1049 2
1071 2
1072 2
1080 2
1081 2
1082 2
38 1
39 1
42 1
43 1
71 1
72 1
73 1
74 1
78 1
79 1
85 1
86 1
87 1
88 1
89 1
123 1
124 1
132 1
133 1
144 1
145 1
147 1
156 1
157 1
158 1
170 1
171 1
172 1
178 1
179 1
193 1
194 1
195 1
196 1
197 1
198 1
199 1
206 1
207 1
208 1
209 1
216 1
217 1
219 1
220 1
221 1
223 1
224 1
233 1
234 1
236 1
237 1
238 1
239 1
240 1
241 1
242 1
255 1
256 1
264 1
265 1
266 1
267 1
268 1
286 1
287 1
288 1
289 1
290 1
295 1
296 1
299 1
300 1
304 1
305 1
314 1
315 1
349 1
350 1
351 1
352 1
353 1
354 1
355 1
356 1
373 1
374 1
384 1
385 1
386 1
387 1
388 1
389 1
397 1
398 1
406 1
407 1
410 1
411 1
412 1
413 1
417 1
426 1
427 1
428 1
429 1
432 1
433 1
434 1
435 1
436 1
442 1
443 1
444 1
445 1
446 1
447 1
448 1
449 1
450 1
451 1
452 1
453 1
454 1
455 1
456 1
457 1
458 1
461 1
462 1
463 1
464 1
467 1
468 1
484 1
485 1
486 1
487 1
488 1
489 1
490 1
491 1
492 1
493 1
495 1
496 1
497 1
498 1
499 1
500 1
503 1
504 1
506 1
507 1
508 1
511 1
512 1
513 1
515 1
516 1
517 1
520 1
521 1
523 1
526 1
527 1
528 1
529 1
530 1
535 1
536 1
537 1
540 1
541 1
542 1
545 1
546 1
547 1
550 1
553 1
554 1
556 1
557 1
558 1
559 1
560 1
563 1
564 1
565 1
566 1
572 1
573 1
574 1
577 1
578 1
579 1
580 1
581 1
582 1
583 1
584 1
585 1
586 1
587 1
588 1
589 1
590 1
595 1
596 1
597 1
598 1
601 1
602 1
610 1
611 1
612 1
613 1
614 1
615 1
617 1
619 1
620 1
621 1
625 1
626 1
627 1
628 1
629 1
630 1
633 1
636 1
637 1
638 1
639 1
640 1
641 1
642 1
643 1
644 1
645 1
646 1
647 1
648 1
649 1
652 1
653 1
654 1
655 1
662 1
663 1
664 1
665 1
666 1
670 1
671 1
677 1
678 1
679 1
680 1
681 1
683 1
684 1
685 1
688 1
689 1
692 1
693 1
697 1
698 1
699 1
700 1
704 1
705 1
706 1
707 1
708 1
709 1
710 1
711 1
712 1
715 1
716 1
718 1
722 1
723 1
725 1
726 1
733 1
742 1
743 1
745 1
746 1
749 1
750 1
753 1
754 1
755 1
756 1
762 1
763 1
764 1
765 1
766 1
767 1
772 1
773 1
776 1
777 1
778 1
780 1
781 1
782 1
783 1
784 1
785 1
786 1
787 1
788 1
791 1
792 1
793 1
794 1
795 1
796 1
797 1
798 1
801 1
802 1
803 1
804 1
805 1
806 1
807 1
808 1
810 1
811 1
814 1
815 1
816 1
817 1
818 1
819 1
820 1
826 1
827 1
828 1
829 1
830 1
831 1
832 1
833 1
834 1
835 1
836 1
837 1
838 1
839 1
840 1
841 1
842 1
843 1
844 1
845 1
846 1
847 1
848 1
849 1
850 1
851 1
852 1
853 1
854 1
857 1
858 1
860 1
861 1
862 1
863 1
864 1
865 1
866 1
867 1
868 1
869 1
872 1
873 1
876 1
877 1
878 1
879 1
880 1
881 1
882 1
883 1
884 1
885 1
886 1
887 1
888 1
893 1
894 1
895 1
896 1
897 1
898 1
899 1
900 1
901 1
902 1
903 1
904 1
905 1
907 1
908 1
909 1
910 1
911 1
912 1
913 1
914 1
915 1
916 1
917 1
918 1
919 1
922 1
923 1
924 1
925 1
926 1
933 1
934 1
935 1
937 1
938 1
939 1
940 1
941 1
942 1
943 1
944 1
945 1
946 1
947 1
948 1
949 1
950 1
951 1
952 1
953 1
954 1
955 1
956 1
957 1
958 1
959 1
960 1
961 1
962 1
963 1
965 1
966 1
967 1
968 1
969 1
970 1
971 1
972 1
973 1
974 1
975 1
976 1
977 1
978 1
979 1
980 1
981 1
982 1
983 1
984 1
988 1
989 1
990 1
991 1
992 1
993 1
994 1
996 1
997 1
1005 1
1006 1
1007 1
1008 1
1009 1
1010 1
1011 1
1012 1
1013 1
1014 1
1015 1
1016 1
1018 1
1019 1
1020 1
1021 1
1022 1
1023 1
1024 1
1025 1
1026 1
1027 1
1028 1
1029 1
1030 1
1031 1
1032 1
1034 1
1035 1
1036 1
1037 1
1038 1
1039 1
1040 1
1041 1
1042 1
1043 1
1044 1
1045 1
1046 1
1050 1
1051 1
1052 1
1053 1
1054 1
1055 1
1056 1
1057 1
1058 1
1059 1
1060 1
1061 1
1062 1
1064 1
1065 1
1066 1
1067 1
1068 1
1069 1
1070 1
1073 1
1074 1
1075 1
1076 1
1077 1
1078 1
1079 1
1083 1
1084 1
1085 1
1086 1
1087 1
1088 1
1089 1
1090 1
1091 1
1092 1
1093 1
1094 1
1095 1
1096 1
1097 1
1098 1
1099 1
1100 1
1101 1
1102 1
1103 1
1104 1
1105 1
1106 1
1107 1
1108 1
1109 1
1110 1
1111 1
1112 1
1113 1
1114 1
1115 1
1116 1
1117 1
1118 1
1119 1
1120 1
1121 1
1122 1
1123 1
1124 1
1125 1
1126 1
1127 1
1128 1
1129 1
1130 1
1131 1
1132 1
1133 1
1134 1
1135 1
1136 1
1137 1
1138 1
1139 1
1140 1
1141 1
1142 1
1143 1
1144 1
1145 1
1146 1
1147 1
1148 1
1149 1
1150 1
1151 1
1152 1
1153 1
1154 1
1155 1
1156 1
1157 1
1158 1
1159 1
1160 1
1161 1
225 0
514 0
539 0
555 0
567 0
616 0
779 0
809 0
906 0
936 0
964 0
1063 0
