64 90
84 414
128 152
162 595
184 294
197 264
310 44
334 412
369 765
429 393
432 1034
441 1033
444 1001
449 430
470 158
477 927
480 108
497 582
521 756
542 894
562 406
579 194
612 1057
668 319
718 522
705 170
711 110
767 353
792 767
798 214
717 452
788 968
780 330
750 152
778 643
827 460
729 202
812 409
863 312
684 182
917 174
944 63
947 189
926 305
1025 137
1003 113
1046 2
996 120
1119 116
1127 95
1215 87
802 229
1499 1607
1504 105
1512 446
1526 88
1529 301
1535 418
1545 708
1564 287
1566 625
1542 261
1546 1114
1569 664
1573 391
1557 635
1544 847
1551 112
1587 586
1548 154
1555 638
1577 106
1597 450
1598 367
1601 959
1602 252
1610 748
1611 987
1613 418
1615 103
1617 882
1618 94
1619 211
1622 420
1625 953
1626 294
1631 218
1620 603
1633 299
1628 84
1629 449
1627 298
1630 221
1632 357
1643 438
1639 558
1640 961
1634 306
1637 166
1638 460
1647 615
1636 541
1650 105
1652 1020
1651 930
1654 1225
1655 614
1656 337
1657 397
1659 689
1658 692
1661 79
1665 833
1666 442
1663 511
1667 306
1664 547
1662 306
1668 739
1669 97
1672 677
1673 530
1674 343
1677 209
1678 225
1680 79
1679 370
1676 554
1684 69
1685 85
1686 58
1681 84
1683 315
1688 74
1689 168
1690 54
1692 14
1693 35
1694 63
1695 7
1691 183
1702 63
1703 68
61 208
132 410
225 163
396 160
434 74
543 93
585 40
595 41
762 2
1134 5
1506 32
1508 69
1513 214
1565 176
1568 63
1575 281
1553 135
1593 105
1581 271
1537 216
1599 71
1538 23
1603 313
1604 2
1616 228
1623 233
1624 12
1641 157
1642 17
1644 210
1645 45
1648 45
1653 59
1649 2
919 7
1163 55
1261 47
1049 9
1084 76
1697 16
1698 91
1696 61
1700 21
1699 57
1701 37
1704 52
1682 2
1671 2
1554 2
1670 2
1712 2
663 2
1660 2
1213 2
1558 9
1549 2
1498 13
1547 13
1584 3
1612 2
1614 36
1514 2
1705 2
1707 9
1201 2
1191 25
1709 36
1710 2
1714 13
324 56
1500 21
1501 20
1502 77
1505 4
1507 219
1509 152
1510 20
1511 140
1517 201
1519 22
1520 75
1521 539
1522 51
1523 104
1524 114
1525 107
1528 8
1530 3
1531 83
1533 45
1556 66
1560 294
1561 88
1562 178
1563 190
1567 96
1559 117
1571 540
1572 444
1532 5
1536 2
1574 46
1534 23
1582 226
1583 38
1543 170
1576 243
1592 138
1590 33
1586 33
1578 89
1595 143
1596 111
1580 171
1600 64
1605 175
1606 161
1585 99
1608 65
1635 4
1713 2
1552 2
1607 2
1706 2
1570 2
804 6
1138 2
1675 1
1708 9
1711 2
1503 16
1515 21
1518 4
1527 2
1541 9
1588 4
1516 9
1550 2
1540 3
1329 2
1539 2
1 15
3 1111
4 92
5 809
6 406
7 643
8 168
9 320
10 40
11 194
14 52
15 232
16 21
17 242
18 140
19 130
20 409
22 95
24 46
25 21
26 646
29 149
36 406
37 489
38 363
39 571
40 305
42 450
43 11
45 266
46 208
47 267
49 293
50 732
51 434
52 152
53 828
54 301
55 82
56 122
59 251
60 268
62 704
63 258
65 523
66 420
67 67
68 465
69 34
70 134
71 95
72 72
73 689
74 404
75 791
76 279
77 816
78 38
79 304
80 595
81 48
82 123
83 819
85 706
86 440
87 104
88 95
89 510
91 622
92 889
95 619
96 366
97 179
98 198
99 71
100 650
101 9
102 555
103 582
104 39
105 130
107 570
108 296
109 514
110 896
111 620
112 456
113 395
115 97
116 148
117 193
118 128
119 102
121 137
122 352
123 187
124 115
126 291
130 243
133 12
135 124
138 43
139 24
140 78
143 123
146 585
147 297
148 103
152 147
154 189
155 246
156 93
158 316
161 293
164 200
165 81
167 112
168 6
171 102
172 167
173 336
174 236
176 87
177 81
179 10
180 58
181 75
183 176
185 77
186 250
187 36
188 219
189 161
190 330
191 537
192 426
193 161
194 18
196 447
198 438
199 107
200 122
202 207
203 171
206 241
207 59
209 271
210 192
213 137
214 114
215 159
216 50
217 86
220 68
221 114
222 179
223 50
224 67
226 154
227 140
228 36
230 17
231 212
232 113
233 372
236 33
238 4
240 55
241 146
242 24
243 68
247 209
249 373
250 134
251 332
252 204
253 115
255 52
257 302
258 16
259 141
261 399
262 50
263 65
264 83
268 93
269 137
270 123
271 187
272 67
273 31
274 171
276 136
277 17
278 35
283 49
284 123
285 130
286 135
287 108
292 11
293 6
294 251
295 69
296 17
299 353
300 96
302 67
304 365
306 59
307 398
308 121
309 220
311 224
312 495
314 192
316 239
317 29
318 69
319 159
320 220
321 60
323 142
325 68
326 46
327 257
329 45
330 78
332 311
343 35
346 58
347 30
350 53
351 32
353 128
354 34
355 188
359 66
365 184
366 477
367 111
368 122
370 73
371 35
372 34
373 283
375 4
376 96
378 125
379 99
380 147
381 50
382 11
383 160
386 489
387 153
388 36
390 59
391 5
397 91
403 66
404 21
406 191
408 13
409 134
410 56
412 138
413 66
414 119
416 65
417 554
419 230
420 15
421 121
422 201
424 24
426 252
430 153
431 515
433 695
435 655
436 270
437 407
438 438
439 513
440 472
442 26
443 390
445 431
446 420
447 893
448 140
450 436
451 353
452 438
453 295
454 153
455 1014
456 713
457 776
458 483
459 209
460 354
461 715
462 416
463 320
464 68
465 87
466 286
467 278
468 402
469 74
471 299
472 95
473 251
474 284
475 297
478 307
479 79
481 421
482 166
483 152
484 284
485 193
486 391
487 142
488 677
489 257
490 686
491 277
492 22
493 277
494 362
495 167
496 535
499 190
500 60
501 25
502 122
503 213
504 54
505 195
506 440
507 157
508 104
509 49
510 264
511 96
512 36
513 37
515 190
516 27
518 82
519 29
520 78
522 47
523 90
525 51
526 182
528 122
529 37
530 137
532 35
533 60
534 71
535 187
536 268
537 66
538 347
539 108
540 222
541 126
544 99
545 467
546 169
547 183
548 60
549 26
550 357
551 133
552 105
553 233
554 388
555 138
556 119
557 209
558 251
559 149
560 46
561 251
563 64
564 62
565 155
566 264
567 65
568 165
569 171
570 12
571 210
572 28
573 94
574 121
575 80
576 26
577 185
578 152
580 24
581 67
582 56
583 63
584 76
586 156
587 24
588 20
589 35
590 26
591 99
592 52
593 27
594 33
596 79
597 6
598 21
600 2
602 19
603 22
604 62
605 37
607 25
608 6
125 13
127 7
129 4
160 5
212 5
385 3
411 3
418 5
498 10
514 2
524 7
48 10
90 3
106 2
114 2
279 6
282 5
399 5
647 2
93 8
208 11
267 2
288 8
301 2
340 2
691 2
35 11
44 2
131 18
151 7
204 13
218 2
237 8
246 11
260 14
265 4
280 2
291 6
298 12
336 3
348 3
356 10
398 6
407 9
599 3
1594 2
33 2
219 9
476 2
601 2
352 2
531 2
1609 1
157 2
364 88
517 8
625 189
611 29
627 127
621 83
633 82
634 146
628 473
630 170
623 277
622 243
638 143
610 245
641 35
658 137
669 217
639 210
640 113
654 67
655 77
676 348
678 100
629 242
619 95
677 122
674 32
648 124
631 150
687 217
644 60
649 86
646 61
637 190
617 15
667 43
620 53
681 98
666 198
645 159
673 5
650 34
665 75
615 15
675 314
685 4
683 35
679 158
609 24
614 237
686 119
613 19
636 27
635 14
662 175
699 163
722 150
723 54
703 131
724 7
700 6
696 290
727 135
744 34
728 329
695 128
693 166
732 80
618 239
694 213
755 141
708 138
680 16
734 284
697 188
741 88
766 85
751 114
616 9
712 20
660 112
758 44
749 98
761 83
698 138
768 121
739 121
689 93
736 7
713 121
757 112
710 174
752 137
726 67
720 77
738 115
745 136
652 133
716 3
719 207
651 194
721 155
756 66
671 21
701 37
787 106
807 6
813 28
823 105
818 58
774 252
793 261
810 175
831 504
834 31
702 46
838 9
844 28
845 41
782 148
796 343
797 67
805 102
808 405
709 118
763 3
775 111
785 11
799 85
837 84
770 21
800 55
784 154
791 182
847 19
753 50
779 114
730 12
783 90
776 123
786 178
814 17
825 72
849 13
777 81
781 232
829 238
828 35
790 270
817 469
771 451
832 51
833 70
854 205
850 78
809 279
819 19
801 98
848 94
821 30
664 109
816 99
830 132
773 44
815 4
836 26
826 241
841 69
824 7
764 75
772 286
842 201
846 32
855 37
851 15
794 6
769 5
820 77
811 191
858 307
859 79
857 78
861 34
862 2
879 36
873 56
874 92
891 43
840 165
866 50
860 69
864 63
883 51
887 10
869 147
892 54
902 8
871 74
875 19
895 49
865 57
884 15
867 131
899 4
868 21
843 14
852 50
789 44
889 26
856 13
870 64
896 21
890 34
905 33
906 18
912 5
913 24
914 3
915 56
916 16
907 8
908 104
927 54
934 7
893 16
877 5
933 6
886 229
925 2
950 14
909 117
920 140
930 9
885 42
924 24
938 47
954 51
948 27
942 142
921 22
961 11
975 8
981 2
984 9
960 24
985 25
941 10
759 25
959 56
903 10
606 2
659 13
746 25
704 4
888 4
898 15
911 11
901 8
937 6
910 2
929 36
951 5
922 5
946 6
923 3
949 10
918 4
795 15
939 5
931 13
943 11
945 18
962 48
971 6
987 7
958 10
968 7
970 28
977 15
936 6
990 5
988 33
986 29
1010 20
1005 7
1009 2
978 9
853 10
881 44
952 23
806 11
928 101
957 100
956 139
976 13
973 136
982 43
964 262
989 272
979 13
995 92
966 130
983 31
974 35
969 214
991 214
997 11
993 165
965 138
998 75
1013 212
1012 362
1018 10
1019 93
953 137
1008 258
1024 7
1001 50
1002 346
1017 150
1011 99
1042 184
1015 233
1039 132
955 138
992 31
1028 170
1022 115
1047 159
1020 19
1006 101
1031 168
1016 268
1051 180
1029 17
1030 153
1021 9
1041 372
1014 33
1040 258
1043 243
1050 61
994 11
1004 23
1027 184
1068 344
1116 78
1060 355
1114 213
1007 20
1130 43
1055 193
1056 700
1075 313
1115 9
1136 166
1140 47
1141 119
1142 26
1143 86
1151 8
1036 68
1076 86
1090 152
1112 89
1063 439
1058 110
1113 284
1154 60
1078 195
1070 79
1089 178
1129 242
1124 38
1156 93
1105 161
1110 163
1099 319
1117 163
1080 205
1062 115
1064 258
1081 116
1083 87
1096 238
1109 87
1118 275
1148 134
1155 235
1073 537
1137 192
1128 110
1107 333
1101 385
1108 123
1158 122
1120 171
1026 296
1048 67
1054 390
1122 80
1000 88
1087 278
1104 269
1161 32
1106 80
1135 47
1139 126
1162 114
1066 406
1059 159
1092 231
1123 61
1164 137
1074 571
900 69
1038 91
1044 12
1045 44
1133 175
1102 72
1069 204
1079 146
1057 108
1100 74
1126 85
1091 93
1147 114
1153 63
1072 179
1144 57
1098 206
1159 86
1167 55
1093 179
1034 112
1168 105
1169 286
1170 43
1195 209
1125 117
1207 126
1173 106
1182 101
1209 58
1177 196
1214 185
1216 9
1217 599
1206 30
1121 191
1199 136
1221 85
1184 147
1220 78
1224 81
1190 100
1233 28
1211 189
1232 81
1234 121
1235 58
1205 212
1212 253
1165 42
1171 390
1186 30
1247 68
1248 67
1200 27
1204 55
1223 147
1176 148
1179 111
1198 131
1175 66
1197 151
1237 43
1210 156
1226 157
1244 78
1240 75
1238 20
1146 27
1202 70
1178 192
1150 29
1228 94
1229 48
1188 98
1183 83
1219 343
1283 127
1301 75
1260 475
1289 98
1277 71
1303 37
1309 102
1269 117
1279 102
1286 70
1294 149
1304 104
1259 57
1267 10
1272 50
1291 206
1306 113
1314 91
1292 61
1295 9
1313 129
1324 120
1285 136
1268 10
1326 19
1284 156
1311 78
1192 33
1278 329
1280 128
1316 85
1166 28
1246 87
1270 36
1061 147
1264 50
1275 74
1302 28
1307 86
1322 70
1332 22
1300 166
1335 35
1330 80
1249 32
1250 40
1299 2
1317 50
1174 178
1185 33
1193 51
1266 28
1274 100
1325 59
1263 192
1262 210
1281 439
1258 322
1288 142
1336 24
1236 18
1282 90
1312 111
1308 73
1290 23
1265 59
1293 83
1297 76
1305 101
1194 62
1243 176
1319 29
1323 417
1333 120
1187 68
1339 16
1256 209
1341 82
1342 35
1343 39
1354 36
1355 10
1356 144
1357 27
1358 10
1359 52
1360 8
1361 19
1362 7
1298 28
1344 23
1346 161
1254 12
1351 70
1257 67
1349 190
1366 126
1348 76
1364 118
1369 28
1222 25
1331 25
1363 272
1372 44
1347 95
1352 59
1365 95
1375 39
1377 17
1271 9
1310 37
1327 66
1337 32
1381 4
1350 207
1273 48
1374 86
1367 124
1383 39
1334 73
1345 99
1373 64
1321 23
1379 93
1376 154
1276 81
1380 86
1353 86
1385 33
1386 19
1393 42
1400 18
1408 64
1401 22
1406 15
1410 4
1391 29
1392 45
1411 31
1390 6
1387 32
1399 41
1378 40
1414 9
1394 34
1371 12
1430 21
1225 79
1405 3
1389 7
1470 13
1420 2
1318 2
1441 57
740 2
980 2
1033 2
657 3
735 2
822 2
999 2
972 2
1245 2
1370 2
235 2
835 2
141 2
1077 2
1296 2
1368 2
1398 15
1412 2
1416 14
1396 13
1403 2
1415 3
1404 4
1402 15
41 2
136 7
384 2
672 13
670 2
747 5
760 4
742 3
643 4
1443 14
1449 11
1461 2
1450 8
1473 2
1437 11
661 2
2 21
12 20
13 19
27 25
30 30
32 34
34 11
57 41
58 12
94 37
120 27
137 3
142 34
144 6
150 9
159 29
169 5
170 12
178 17
182 18
195 17
201 9
229 63
266 9
281 17
303 6
315 5
333 9
335 88
342 2
357 9
361 18
377 2
389 17
394 18
400 13
423 4
632 2
714 2
1088 2
1384 12
1407 2
1409 4
1388 2
1413 13
1419 2
1417 7
1425 2
1431 11
1477 2
21 5
23 5
28 4
31 6
134 15
145 8
205 14
248 12
290 17
297 6
305 2
313 12
328 15
360 6
374 5
401 8
707 2
872 2
1023 3
1085 2
1418 9
1397 2
1421 3
1460 2
1433 4
1492 6
349 2
1131 2
1203 2
1253 4
1423 2
1181 8
1172 2
1591 2
149 3
153 12
166 15
175 6
211 5
234 27
244 26
254 5
256 15
275 20
289 3
322 20
331 2
338 23
339 9
341 24
345 27
358 2
363 3
395 7
402 12
405 20
425 27
427 4
882 2
1071 5
1067 3
1494 4
1149 2
940 2
894 3
656 2
748 5
715 3
1382 2
239 2
337 3
1065 2
1196 6
1230 2
1189 4
1427 2
626 2
682 2
1082 4
1086 2
1111 2
1579 2
245 2
692 2
1094 2
1095 6
1103 4
1053 2
1132 5
1180 3
1208 1
1255 5
1287 2
1482 1
876 2
1424 3
1434 1
803 2
1152 2
731 4
706 2
839 2
967 2
1052 2
1328 2
733 2
743 3
754 3
963 2
1157 2
1340 2
1429 2
1456 3
1438 2
344 4
362 2
932 2
1442 4
1445 2
1462 10
1466 13
1455 3
1451 7
935 2
1315 2
1426 8
1395 2
1459 4
1435 3
527 2
1251 2
1428 8
1463 7
1474 7
1422 7
1475 2
1452 1
1440 4
1458 2
1468 5
1621 2
1252 2
624 2
1476 2
880 2
1432 4
1457 2
1465 5
1446 1
1472 8
1715 2
1160 2
1478 3
1439 2
1447 7
1436 6
1448 3
1486 6
1495 2
1218 2
1469 5
1485 2
393 2
428 4
737 2
1227 2
1453 2
1488 4
1035 2
1487 2
765 2
1464 10
1467 2
1454 11
1493 2
1097 2
1483 1
1716 1
1338 2
1480 3
1471 2
1479 4
1489 2
1444 2
1242 2
1241 2
1231 2
1239 3
1145 1
1491 2
725 2
1032 1
1490 2
878 2
1481 2
1320 2
642 2
1589 2
653 2
163 3
1497 2
1496 2
1037 2
1687 2
688 1
897 2
904 1
415 2
1646 2
392 2
1484 2
1718 1
1717 1
690 1
