9 8
11 7
41 37
42 9
28 52
29 13
7 11
8 23
32 41
33 16
16 4
17 19
36 9
37 4
4 27
47 22
48 18
61 38
38 3
66 5
76 49
70 1
64 23
65 18
85 53
86 3
91 9
92 33
94 18
97 4
101 28
107 27
108 37
114 29
115 49
116 15
117 9
121 21
130 22
127 11
133 1
136 7
141 20
142 11
144 22
145 33
166 27
172 25
202 12
205 46
258 37
265 31
268 7
269 16
272 21
276 14
281 14
280 6
285 3
287 10
288 8
299 25
301 3
303 11
305 25
292 1
291 1
293 2
273 1
18 23
20 4
13 16
10 1
5 3
6 13
89 13
104 13
105 10
112 45
113 9
134 23
150 12
218 23
219 18
216 4
217 16
226 7
229 1
235 11
243 17
249 7
259 10
262 1
298 19
313 4
316 7
12 1
1 2
2 10
25 13
26 1
55 24
56 27
57 16
58 52
59 16
60 41
14 8
15 7
30 12
31 25
51 3
49 39
3 2
43 10
21 23
22 64
27 8
75 29
71 33
63 3
72 52
73 36
78 33
77 54
79 3
82 31
83 29
80 22
81 27
84 33
87 25
88 11
90 3
98 29
99 4
100 27
102 18
103 29
106 5
111 12
118 7
124 21
125 5
126 54
122 32
131 6
128 12
132 13
135 65
138 20
139 7
149 18
152 18
153 10
155 22
161 28
163 64
167 51
170 40
171 25
174 48
173 18
175 38
176 35
177 42
178 58
179 21
181 8
184 24
186 63
187 11
191 14
188 28
189 4
195 4
194 6
196 29
197 5
198 3
206 17
209 23
220 10
221 9
222 11
228 4
225 13
232 22
230 1
241 2
239 7
236 8
237 4
247 14
245 22
261 10
264 14
266 11
267 3
271 10
277 50
279 5
286 22
302 56
312 16
317 26
318 7
321 2
323 13
74 5
93 1
109 1
159 2
169 3
210 1
140 1
193 1
290 3
320 1
45 2
53 1
182 1
183 2
201 2
252 1
306 1
180 4
231 1
246 1
251 1
300 1
35 2
123 1
147 15
148 11
151 1
192 4
199 5
207 6
224 1
238 4
244 7
256 1
263 3
284 1
296 3
297 3
326 3
62 1
110 1
203 10
211 1
213 12
215 21
214 1
223 6
227 3
254 1
52 5
54 2
67 9
95 11
158 2
208 3
233 1
248 2
255 1
275 5
294 4
314 1
19 1
185 2
212 2
274 1
309 1
50 1
234 2
250 8
253 2
257 2
282 2
310 1
311 3
39 6
40 1
270 1
278 1
23 6
24 3
119 1
120 5
146 4
154 2
162 2
168 4
260 1
283 1
46 3
44 1
68 3
157 2
156 1
164 1
200 1
242 2
295 3
96 1
34 1
69 1
129 1
304 1
324 1
143 1
165 1
307 1
204 1
137 1
322 1
160 1
327 1
315 1
190 1
319 1
289 1
240 1
308 1
325 1
