1255 5063
865 8323
1254 5713
152 4335
271 841
505 1185
1451 2279
1215 254
2343 1781
285 2727
829 138
1018 2065
1016 3529
567 1481
861 197
1253 2473
48 1217
14 899
18 17
1027 69
43 111
49 2130
214 476
179 3502
875 248
876 592
154 2
553 1480
1256 82
140 1765
1334 155
2348 237
1757 267
2420 855
503 1049
211 190
139 1859
339 1478
539 531
331 25
2349 2243
194 518
2222 183
874 372
1222 472
1526 277
60 129
1012 127
2438 201
137 187
1347 162
165 482
1204 96
551 62
569 562
1767 16
1762 54
229 218
1021 5
1882 2
1703 2
2350 2
1326 2
548 2
166 2
26 67
159 2
2426 2
1644 2
1386 8
57 2
2342 7
2492 5
134 10
492 2
1025 2
1033 2
1919 6
4 2
461 2
571 2
1899 2
126 3
246 2
573 2
31 2
11 2
2400 3
227 2
312 2
294 2
173 2
21 2
85 2
446 12
1202 4
303 18
2221 2
62 2
2260 2
20 2
1632 6
283 11
499 2
199 2
468 2
470 7
819 2
481 12
120 2
93 29
68 2
1376 6
1378 2
234 2
135 2
570 3
2313 6
2340 2
1645 11
10 9
1476 2
1554 2
860 2
2345 2
36 91
2314 52
86 18
1381 58
2365 2
308 5
105 108
262 4
192 12
501 5
88 48
42 9
1705 6
44 18
12 87
2384 35
223 33
224 38
1385 7
181 2
278 2
215 2
2391 2
2412 2
1217 4
604 2
1235 2
1216 3
189 2
2557 2
50 13
1210 2
47 2
132 11
529 3
80 4
523 4
854 2
280 3
323 2
1769 2
16 6
533 2
2388 7
242 2
940 5
2408 2
1354 2
2413 2
2427 2
299 3
2344 2
1373 2
248 5
969 8
1499 3
259 8
2435 8
1339 2
864 2
1659 2
1653 2
452 2
2421 2
1007 2
94 2
1667 3
1392 2
1598 2
2277 5
219 2
2383 2
124 2
1213 6
590 2
1633 2
352 2
108 2
284 2
2368 5
1212 2
2432 12
2 20
459 4
38 3
2442 5
15 9
1751 4
1784 14
821 2
460 3
276 2
241 2
188 3
1 2
1823 3
272 2
1035 2
517 2
238 2
317 2
2430 2
526 2
1593 21
45 4
1244 3
332 8
1547 2
222 5
22 9
857 2
1676 5
1509 7
220 2
598 2
1226 5
129 2
1218 8
301 7
1876 4
2330 3
2334 2
180 2
2546 2
1448 2
293 2
458 2
1766 6
607 2
506 2
1504 2
498 2
341 2
69 2
1237 5
1496 2
1987 2
1552 2
386 2
520 2
576 2
818 2
1219 2
1044 2
1453 2
340 2
1605 2
776 2
928 2
1720 2
979 2
2022 2
2030 6
608 2
1003 2
2524 2
1111 2
1493 2
1456 2
1199 2
530 3
504 2
210 2
141 2
768 2
2376 3
2357 2
1036 2
1410 3
51 3
371 2
825 2
606 2
1935 2
2070 2
2367 2
2558 2
1544 25
1543 2
1982 3
1019 2
1650 3
350 2
717 9
2380 3
1361 2
1771 4
2008 3
39 3
121 2
1878 3
2364 5
444 5
2317 2
232 2
858 4
1603 2
2378 2
847 2
652 2
59 2
353 2
2289 2
524 4
572 2
5 2
396 2
58 2
1056 2
55 2
81 4
1475 2
978 2
263 2
457 2
2369 2
83 2
133 2
235 3
1046 2
237 2
163 2
2316 3
216 2
514 3
107 2
920 2
385 2
495 2
112 2
1452 2
2351 2
2545 2
1592 2
265 4
451 2
322 2
2425 2
1658 2
537 2
849 3
1680 2
1630 2
175 2
305 2
454 2
724 2
327 2
582 2
1548 2
3 2
853 2
1729 2
892 2
678 2
228 4
1454 2
515 2
546 2
1839 2
1510 2
1613 2
127 2
612 2
483 2
600 2
1521 2
879 2
1539 2
17 3
2320 2
251 2
584 2
1587 4
1579 2
1730 2
1490 2
426 2
1194 2
226 2
602 2
1820 3
2547 2
999 2
1523 2
131 3
1048 2
2396 2
1469 2
273 2
2211 3
2444 2
1735 4
347 2
297 2
977 2
2374 2
748 2
544 2
532 2
257 2
1132 2
330 2
1203 2
1538 2
1320 2
991 2
336 2
394 2
98 5
292 2
349 2
971 2
310 3
1483 2
1193 3
1478 2
2346 2
2217 2
1859 2
855 2
2353 2
2359 2
563 2
1283 2
1892 2
1636 3
594 7
597 4
531 2
609 2
2386 2
46 2
32 2
138 2
1227 15
2212 2
318 2
967 2
1214 2
149 2
938 2
1208 2
1167 2
2431 2
2404 3
1312 2
562 2
1738 2
2443 2
71 3
2414 3
1503 2
2437 2
846 2
1714 2
1052 2
2446 2
136 2
1910 2
1179 2
1832 2
204 2
1817 2
1008 2
1706 2
484 2
585 2
1555 2
424 2
1844 2
390 2
384 10
698 3
2223 2
1431 2
1139 2
1485 2
212 2
23 2
1015 3
985 2
2288 2
176 2
335 2
937 2
1303 5
2335 2
1655 2
1809 3
1880 10
2323 156
2244 7
512 2
2193 2
2394 3
1065 4
654 80
815 69
813 17
2450 35
2445 119
1977 123
2328 54
1833 2
1420 2
1164 2
1221 53
651 12
2311 2
1530 2
866 2
2259 2
87 2
143 3
1014 2
476 2
441 2
1992 2
848 2
440 2
2529 2
480 2
164 2
993 2
6 2
168 2
2352 2
525 2
770 2
591 2
943 2
955 2
100 2
1486 2
914 2
456 2
877 2
1473 3
2183 2
1782 2
1170 2
1925 2
1745 2
941 2
2401 2
1424 2
911 2
77 2
1869 5
1562 2
656 19
519 2
1834 7
644 2
1578 2
1251 2
1907 22
1986 33
1976 6
2031 2
2508 2
158 2
2354 2
942 2
425 2
568 2
2389 2
1540 2
1000 2
2113 2
1324 2
586 2
1569 2
2290 2
1577 2
2286 2
366 2
1185 3
1573 2
1747 2
329 3
959 2
13 2
76 2
893 2
115 2
681 2
2307 2
518 2
267 2
1778 2
1763 2
1900 2
255 2
416 3
1182 3
415 2
372 2
2451 2
944 2
358 2
1344 2
1805 2
1883 2
1529 2
82 2
1211 2
110 2
78 2
1535 3
605 2
1450 8
1687 9
119 2
2189 2
409 2
593 2
2417 2
1050 2
1748 2
95 2
1837 3
92 2
2495 2
1963 2
169 33
759 46
2433 2
1318 20
1317 15
1514 2
35 25
200 7
624 2
1740 24
1700 2
178 4
1850 11
2034 2
1588 2
1487 2
290 2
125 2
1461 2
601 3
1178 2
2005 2
393 2
750 3
97 2
1109 3
417 2
2089 2
2179 2
27 2
521 2
245 2
578 4
300 2
556 2
1611 2
412 2
345 2
1240 2
1726 9
706 2
970 2
1474 5
589 2
2462 2
233 2
130 3
2117 2
1574 3
1030 2
313 2
1804 2
694 2
1572 2
1854 2
1417 2
2329 2
986 2
1642 2
2466 2
1965 2
2029 2
2026 2
766 2
2287 2
921 2
1536 2
690 2
1565 2
559 2
337 2
315 2
1028 2
2440 2
1881 2
895 2
655 2
645 2
99 2
1107 2
256 8
542 2
1350 2
195 2
1825 3
213 3
1245 2
274 3
2214 2
884 3
689 2
67 2
410 2
2381 2
1764 2
1606 2
1648 3
1891 2
1858 2
2099 2
1258 2
1775 2
1733 3
2315 2
1818 5
1207 2
1319 2
2366 2
1034 2
1581 3
359 2
1684 2
981 2
1628 2
1171 2
757 2
1383 2
428 2
1994 2
2110 2
975 3
1550 5
1363 2
2358 2
1209 3
162 2
805 2
987 3
177 2
2310 2
1756 2
964 2
789 2
715 2
541 2
209 2
1988 4
2055 2
2077 6
2111 2
1737 3
1710 3
1471 2
1491 2
901 3
1568 2
1345 5
676 2
1675 2
356 2
1331 3
1723 2
980 2
1708 2
2188 2
66 2
673 2
2385 2
392 2
1836 2
1192 2
1865 2
1349 2
1512 2
2053 2
201 2
1694 5
1360 2
1153 2
1389 2
1316 3
2542 2
1525 2
781 2
1234 2
1802 4
2341 3
2441 2
1125 2
33 6
2518 2
1932 2
1958 2
1128 2
1793 2
653 2
2234 2
522 2
1313 2
1336 3
1041 2
2048 2
346 2
70 2
190 2
1937 2
925 2
1718 2
1330 2
2209 2
1075 2
1096 2
1713 2
471 2
8 2
1853 2
1306 2
882 2
1275 2
239 2
466 3
30 2
916 2
709 2
2416 2
243 2
1467 2
2258 2
153 2
2360 2
1885 2
2041 2
1327 2
945 2
1158 2
113 2
666 2
725 3
1408 2
1610 2
1500 2
2198 2
688 2
2230 2
1576 2
1709 3
75 2
508 2
1238 2
535 2
2283 2
1604 3
1810 3
870 2
1736 2
1970 2
685 2
264 2
995 2
1712 2
1180 2
1038 2
1205 3
2370 2
438 2
927 2
625 2
281 2
1845 2
610 2
1388 2
2306 2
19 2
1477 2
1162 2
1265 2
1695 2
2419 2
374 2
443 2
472 2
365 2
1755 2
2363 2
1110 2
1843 2
1861 2
1971 2
2094 2
2163 2
719 2
2253 2
887 3
1293 3
298 2
992 2
2402 2
1108 3
897 3
1346 4
2024 2
1533 2
1815 2
1169 3
1080 2
1942 2
2072 2
794 4
1895 2
183 2
407 2
1545 2
478 2
1124 2
1734 2
915 2
1117 2
603 2
400 3
1150 2
883 2
2411 2
369 2
408 2
403 2
1955 2
2347 2
2483 3
2069 2
2186 2
1069 2
1419 2
734 2
1353 3
1792 2
675 3
902 3
1188 3
1071 2
1693 2
114 2
1260 2
599 2
2395 2
2231 2
682 2
320 2
316 5
1725 2
650 1
1583 3
2504 2
128 2
2405 2
2515 2
1092 2
79 2
2267 2
1058 2
490 2
946 2
545 2
2325 2
24 2
889 2
953 2
1580 2
1088 2
2454 2
2355 2
1962 2
1200 2
1765 2
1640 2
2067 2
2521 2
1054 2
1224 2
1688 2
1259 2
2285 2
193 2
198 2
2434 2
574 2
207 2
1612 2
2262 2
2197 2
536 2
1391 2
1773 2
1123 2
1643 2
1102 2
1084 2
2424 2
321 2
1037 2
958 2
473 2
217 2
1439 2
871 2
966 2
773 2
111 2
2294 2
2309 2
616 2
913 2
614 2
1382 2
852 2
103 2
1918 2
145 2
467 3
1947 2
2147 2
1753 2
2184 3
1294 2
150 2
7 2
733 2
699 2
2182 2
2296 2
1447 2
1665 2
2333 2
28 2
2190 2
196 2
2185 2
711 2
1616 2
487 2
122 2
2254 2
777 2
1949 2
2042 2
2108 2
990 2
1332 4
896 2
1770 2
1043 2
482 2
2204 2
1812 2
1395 2
1759 2
2046 2
1816 2
700 2
1631 2
2291 2
2263 2
174 2
1405 2
2312 2
1814 5
662 2
900 3
231 2
1328 2
1607 2
786 2
1788 2
1416 2
2484 2
1905 2
1190 2
2012 2
1690 2
2103 2
2115 2
2156 2
1186 2
1173 2
1508 3
1731 2
1564 2
1322 2
29 2
1087 2
1090 2
1115 2
907 2
2423 2
1728 2
2439 2
1515 4
252 2
40 2
859 2
2468 2
2257 2
2460 2
1889 2
761 2
1586 2
1957 2
2379 2
2045 2
1619 2
2509 2
797 2
1584 2
2201 2
1166 2
632 2
930 2
344 3
1663 2
1678 2
1020 2
811 2
161 4
1732 2
1446 3
780 2
1641 2
2477 2
1585 2
1396 2
2453 2
1413 2
2261 2
2457 2
477 2
368 2
1780 2
1790 2
1776 2
348 2
2487 2
1893 2
1093 2
1146 2
1670 2
1423 2
2449 2
1596 2
820 2
1575 2
277 3
437 2
903 2
677 2
1462 2
187 2
197 2
1061 2
1502 3
326 2
291 2
862 2
1656 2
2452 2
184 2
1113 2
617 2
1384 2
1838 2
91 2
1402 2
1662 2
989 2
1511 2
1497 2
2493 2
2497 2
2507 2
814 2
1936 2
1597 2
2227 2
2539 2
1997 2
2083 2
2121 2
2065 2
2078 2
2134 2
2192 2
2218 2
1062 2
634 2
1355 1
1241 2
664 2
474 2
436 2
172 2
767 2
1002 2
671 2
429 2
1051 2
702 2
1270 2
1011 2
2321 2
1297 2
448 4
1495 2
1072 2
1340 2
203 2
462 9
2036 2
419 2
1081 2
1401 2
74 3
2324 2
2470 2
547 2
1321 2
926 2
739 2
561 2
1045 2
488 1
1042 2
1594 2
2482 2
647 2
1975 2
1862 2
2143 2
1702 2
2210 2
851 2
1243 2
2549 2
1341 3
538 2
1277 2
1699 3
73 2
1436 2
109 2
631 2
1679 2
1083 2
1357 2
680 2
1130 2
1915 2
1591 2
1437 3
1409 2
402 2
1489 2
1089 2
387 1
2361 3
737 2
2301 2
1236 3
2490 3
2485 2
2028 2
2500 2
2088 2
2091 2
144 2
2373 2
1582 2
1425 2
1304 2
2472 2
1434 2
1481 2
2256 2
2200 2
962 2
798 2
355 2
253 2
2393 2
663 2
560 2
2242 2
905 2
2252 2
714 2
534 2
620 2
956 2
1870 2
269 2
881 3
1144 2
587 2
1758 2
382 2
2308 3
186 2
1239 2
509 2
1077 2
1375 3
1369 2
1407 2
1257 2
1711 2
1522 3
765 3
1013 2
1403 3
2331 2
747 3
575 2
965 2
577 2
722 2
1067 2
41 2
1686 1
2377 2
2512 2
627 2
712 2
868 2
1267 2
2540 2
1951 2
2473 2
2035 2
1570 2
1649 2
2173 2
1973 2
2101 2
1147 2
65 2
947 2
755 2
1274 3
1794 2
351 3
705 2
1172 2
888 2
728 2
1494 2
2519 2
1352 2
640 2
334 2
1351 2
1068 2
1959 2
1399 2
1697 2
333 2
658 2
1118 2
973 2
994 2
1287 2
1796 2
1438 2
1696 2
307 2
191 2
1786 2
579 2
218 2
642 2
910 2
1660 2
832 2
1692 2
1999 2
745 2
493 2
732 2
170 2
2533 3
788 2
266 2
1852 2
2132 2
2275 2
2326 2
1752 2
2387 2
886 3
669 3
1248 2
244 2
1397 2
558 1
808 2
343 1
2503 2
354 1
1233 2
1276 2
2032 4
1749 2
1983 2
2530 2
2039 2
2057 2
388 1
2116 2
2122 2
2149 2
1563 3
727 2
254 2
898 2
2403 2
1484 2
373 2
1847 2
1721 2
84 2
34 2
507 2
1278 2
1291 2
1066 2
583 2
867 1
399 2
1148 2
2019 2
397 2
588 2
1152 2
230 2
615 2
1704 2
2264 2
834 2
670 2
1626 2
2213 2
1657 2
2202 2
801 2
543 2
1136 2
2281 1
2280 2
401 2
751 2
704 2
891 2
1549 2
142 2
2318 2
824 2
1189 2
633 2
1026 2
919 2
1053 2
1196 2
1230 2
2489 2
1261 2
1302 2
52 2
1618 2
2516 2
2268 2
1952 2
1954 2
730 2
2392 2
951 2
1941 2
221 2
1280 2
830 2
1094 2
1106 2
952 2
1842 2
1990 2
1888 2
1948 2
1201 2
1743 2
1724 2
827 2
2436 1
2071 2
1599 2
2114 2
909 2
1154 2
890 2
1134 2
1370 2
2550 2
118 2
1470 2
1791 2
1095 2
1225 2
754 2
1005 2
635 2
1797 1
2215 2
2448 2
1009 2
2195 2
933 2
2456 2
660 2
2176 2
104 2
422 2
1177 2
1105 2
1366 2
1458 2
1271 2
304 2
1082 2
1348 2
2208 3
983 2
398 2
1140 2
1100 1
319 2
1133 2
2250 2
1175 2
1119 2
1827 2
596 2
822 2
1371 2
516 2
376 2
649 2
743 2
1246 2
2251 3
295 2
185 2
1855 2
1894 2
1546 2
2488 2
863 2
1685 2
746 2
2514 2
25 2
56 2
2522 2
2486 2
1266 1
1921 2
850 2
580 1
2506 2
1967 2
279 2
367 2
2407 2
929 2
1871 1
1938 2
626 2
2496 2
2004 2
2006 2
2459 2
2037 2
2044 2
2025 2
2165 2
1960 2
1944 1
2537 2
996 2
2531 2
1482 2
2196 2
908 2
2265 2
540 2
1835 2
1661 2
53 2
1195 2
1017 1
1247 2
102 2
1691 2
2181 2
1761 2
378 2
64 2
2455 2
1311 3
692 2
1073 2
630 1
799 2
2406 2
1161 2
2418 2
1099 2
445 2
311 2
1800 2
2338 2
1031 2
1783 2
447 2
2187 2
450 2
988 2
1472 1
1183 1
2177 2
557 2
752 2
1459 2
1429 2
182 2
679 2
1864 4
479 2
2479 2
723 2
250 2
1916 2
1288 2
769 3
1289 2
924 2
2362 2
1444 2
873 2
1149 2
1498 2
2390 2
1822 2
619 2
309 2
1022 1
2238 2
202 2
1252 2
328 2
648 2
500 2
885 2
1666 2
1337 2
411 2
1412 1
2276 1
1879 2
338 2
205 2
160 2
2469 2
1887 2
1091 1
1807 2
2272 2
772 2
668 2
1394 1
787 2
486 2
208 2
1930 1
1191 2
2059 2
641 2
674 1
1920 2
1980 2
1595 2
1929 2
1993 2
710 2
2233 2
2240 1
2038 2
2003 2
2534 2
2415 2
1647 2
1903 2
2513 2
823 1
708 2
837 2
2075 2
1961 2
1176 2
464 2
904 2
2097 2
2074 2
2068 2
1917 2
2076 2
2073 2
2131 2
2100 2
2140 2
2137 3
1625 2
2027 2
2136 2
843 2
1141 2
1465 2
880 2
2372 2
1122 2
1806 1
1799 2
2248 2
2229 2
1772 2
1744 2
957 2
972 2
1877 2
740 2
968 2
1463 2
363 2
1846 2
1557 2
1602 1
697 2
1314 1
287 2
1286 3
1455 2
2471 2
695 2
527 2
2205 2
1006 1
842 2
1301 2
306 1
2255 1
1390 1
2297 2
434 2
1078 2
2228 1
948 2
954 2
872 2
2086 2
497 1
1719 2
258 3
2237 1
657 2
817 2
1872 2
1049 1
1464 2
2555 2
1309 2
738 2
1262 2
997 1
432 2
1272 2
1187 2
2428 2
1928 2
1004 2
1840 2
1393 2
418 2
735 2
790 2
1427 1
296 2
302 2
1542 2
147 2
1181 2
1629 2
1001 2
637 2
1768 2
742 2
931 2
1600 2
1672 2
391 2
1098 1
361 2
1114 1
2020 1
1282 2
2246 2
2224 2
268 2
1060 1
1101 2
282 2
414 1
1411 2
936 2
370 2
1527 1
123 2
2239 2
54 2
1617 2
155 2
2548 1
2494 2
2014 2
2304 2
1518 2
1746 2
261 2
2319 2
206 2
2491 2
1333 2
1168 1
9 2
37 2
1614 2
835 2
465 1
1849 2
1884 2
413 2
729 2
2245 1
749 2
489 2
1966 2
1741 2
1137 1
1984 2
1264 2
1516 1
502 1
1492 2
856 2
1449 2
2371 2
1922 2
1571 1
1934 2
1902 2
2499 2
1023 1
1857 1
289 2
2528 2
1126 2
2040 2
1229 1
1637 1
1950 3
511 1
528 1
659 2
1750 1
1296 2
1160 2
151 3
2520 1
2010 2
760 2
643 1
1860 2
2556 2
1145 2
2054 2
2541 2
1442 1
2064 1
564 1
1624 2
1566 1
2128 2
2127 2
1943 2
1284 1
2146 2
2090 1
2409 1
1404 1
1669 2
2139 1
2166 2
2148 2
2298 1
976 2
807 1
106 1
636 2
1116 2
1513 1
549 2
1742 2
998 2
325 1
802 2
377 1
101 1
1163 2
1873 2
324 2
2203 2
2225 1
1292 2
1821 2
2270 1
2216 2
2467 2
1120 1
628 2
491 1
1590 2
2199 2
974 2
1040 2
744 2
554 2
1300 1
89 2
1151 1
247 2
707 3
1315 2
260 2
795 3
1010 2
2178 2
1273 2
1343 2
421 1
1785 2
693 2
1097 2
1698 2
1787 2
686 2
1047 1
1589 2
1517 2
1127 2
1422 2
288 2
1668 2
1908 2
758 3
2543 2
1551 2
2169 2
1074 2
1808 2
716 2
1940 2
463 2
2398 2
629 2
667 2
475 2
1269 1
2327 1
146 2
1085 1
1418 2
249 2
683 2
894 2
731 2
2517 2
2422 2
2226 1
1307 1
1826 2
2447 2
839 2
878 1
1774 2
1528 1
383 2
2305 2
809 1
1055 1
2465 2
171 2
342 2
1323 2
963 1
453 1
430 2
2356 2
1754 1
2498 2
314 2
2501 2
803 1
1904 1
1367 2
638 2
1890 1
684 2
1249 1
1223 1
496 2
1228 2
1440 2
455 2
713 2
1886 2
1682 1
1157 2
611 1
1727 2
2207 2
696 2
961 2
2458 2
2098 1
1365 1
555 2
1377 2
117 2
2293 1
1121 2
1143 1
375 1
1863 2
2475 2
360 2
1426 1
1609 2
157 2
1368 2
1739 1
420 2
2269 1
1909 2
1985 2
63 2
1520 2
362 2
435 2
552 2
1415 2
646 1
2001 2
90 1
61 2
1076 1
1972 1
701 1
1560 2
1979 2
2133 2
2007 2
1716 1
1553 2
779 2
513 2
2526 2
1299 1
1841 1
1488 2
939 1
1505 2
2399 2
949 2
899 2
793 1
236 2
2502 2
1801 1
1953 2
1795 2
1946 1
1968 1
423 2
1978 2
840 1
1024 1
1414 2
2322 2
1760 2
1532 1
275 1
691 2
1874 1
1701 1
148 2
1715 2
775 2
1945 2
1103 2
1558 1
2284 1
1622 1
1830 1
439 1
1664 2
984 1
1848 2
2049 2
2538 2
2279 1
1671 1
225 1
2058 1
431 2
2243 1
1639 2
2332 1
1991 2
2092 2
1263 1
1914 2
613 2
2474 1
2023 2
922 1
2002 2
918 1
1279 1
2051 1
721 1
2062 1
494 1
2043 2
762 1
1184 2
167 1
753 2
2095 2
2266 2
1615 2
806 1
240 2
2096 2
2061 1
1329 2
2476 1
1242 2
550 1
1981 1
1933 2
2104 2
2505 1
1531 1
1673 1
1901 2
2300 1
1819 1
2066 2
2079 2
618 1
1457 2
565 1
2063 1
2554 2
782 2
923 1
510 2
581 2
2125 2
2292 1
2056 2
2093 1
2235 2
1829 1
2241 2
1803 2
1359 1
96 1
2124 2
826 1
2302 1
1232 1
1623 2
1939 1
2141 2
1913 2
2130 1
828 1
804 1
1559 2
1541 1
357 2
1466 1
286 1
1608 2
1406 1
1896 1
1989 1
1220 2
1285 1
1866 1
2523 1
1197 1
1956 1
2047 1
2167 2
1086 1
623 2
2151 2
2552 2
2161 2
2236 1
364 1
2013 1
2105 1
1927 1
2150 2
2171 1
2160 2
2551 1
1063 1
2138 1
2172 2
1338 1
2174 2
2553 1
1079 1
960 2
1364 2
1479 2
1480 2
845 2
381 2
1104 2
764 2
982 2
116 2
1506 2
1635 2
812 2
379 2
2180 2
726 2
906 2
2191 2
1911 2
2206 2
1362 2
1681 2
756 2
1828 2
1156 2
1707 2
1654 2
1534 2
1443 2
935 2
2295 2
1231 2
2271 2
1561 2
791 2
1310 2
1717 2
1174 2
433 2
1798 2
2247 2
1400 2
1372 2
1507 2
2429 2
1441 2
934 2
2544 2
1638 2
1519 2
1039 2
2382 2
1601 2
763 2
1298 2
672 2
1897 2
718 2
783 2
1627 2
395 2
406 2
2282 2
2464 2
2194 2
1029 2
810 2
720 2
1059 2
1634 2
869 2
595 2
1250 2
1070 2
1811 2
2337 2
1683 2
912 2
736 2
1433 2
2461 2
621 2
841 2
2463 2
1159 2
816 2
1380 2
1524 2
1281 2
771 2
2481 2
687 2
270 2
2232 2
1064 2
1131 2
774 2
1923 2
800 2
1674 2
2274 2
1358 2
932 2
592 2
1428 2
1138 2
1165 2
442 2
836 2
1198 2
2000 2
950 2
1206 2
796 2
661 2
380 2
1824 2
2478 2
1129 2
2339 2
2278 2
156 2
2017 2
405 2
2511 2
1112 2
1290 2
1831 2
1620 2
2273 2
469 2
1722 2
1142 2
1789 2
1964 2
1305 2
2303 2
1779 2
1781 2
2336 2
1430 2
1912 2
833 2
1689 2
792 2
1813 2
72 2
2525 2
838 2
2018 2
703 2
1851 2
1432 2
844 2
1268 2
1898 2
1867 2
778 2
1926 2
1445 2
1295 2
1969 2
389 2
1135 2
741 2
2052 2
2219 2
485 2
1468 2
2118 2
2480 2
2410 2
1387 2
2299 2
449 2
1155 2
1646 2
1308 2
566 2
2397 2
2060 2
2109 2
622 2
1924 2
917 2
1856 2
1556 2
2106 2
1652 2
1677 2
2084 2
1335 2
1032 2
1421 2
1501 2
2050 2
1398 2
2016 2
1621 2
2249 2
2535 2
2107 2
1356 2
2510 2
1057 2
2011 2
785 2
2015 2
1379 2
1996 2
1325 2
2081 2
2129 2
1651 2
2112 2
1868 2
2009 2
1567 2
1537 2
2126 2
2087 2
1342 2
2142 2
2536 2
1777 2
2375 2
2085 2
2119 2
1460 2
1995 2
2164 2
2532 2
1998 2
2033 2
2527 2
1906 2
831 2
404 2
2145 2
2102 2
2120 2
1374 2
784 2
2158 2
2154 2
2144 2
2123 2
2168 2
2021 2
2082 2
2155 2
2157 2
2175 2
665 2
2153 2
2159 2
2152 2
1931 2
1435 2
639 2
2220 2
427 2
1875 2
2162 2
2170 2
2080 2
2135 2
1974 2
