112 4
17 4
53 5
76 5
33 8
27 9
36 1
68 2
138 2
46 6
45 25
63 33
23 39
20 33
44 6
57 26
108 18
116 23
125 26
8 3
52 3
115 6
56 7
140 16
61 15
93 3
104 2
12 2
77 6
43 21
69 7
110 5
146 3
96 6
1 57
4 8
117 6
129 1
51 8
41 49
65 16
107 1
122 1
29 10
62 20
133 14
97 8
147 2
136 3
2 9
85 7
118 4
64 1
71 6
120 5
142 1
132 44
40 2
72 1
95 8
75 2
80 2
137 2
5 16
47 27
55 53
87 4
114 34
6 14
70 6
145 4
39 5
54 5
59 5
24 1
15 3
25 7
90 5
86 12
111 2
73 2
143 2
79 2
58 1
28 2
148 1
74 4
11 8
99 5
128 2
19 2
123 1
78 11
37 17
135 1
48 3
66 1
98 1
101 1
3 5
38 2
84 8
21 3
18 11
109 10
130 15
113 3
144 6
103 3
106 1
26 2
32 4
131 6
83 2
102 5
88 1
7 1
9 2
60 1
14 1
127 1
89 3
50 2
91 1
42 5
121 1
141 3
30 2
92 1
139 2
34 1
22 6
82 2
119 7
67 1
13 2
94 1
81 1
126 1
100 1
49 1
105 1
134 2
