1 205
2 56
3 169
5 2
48 47
49 44
53 37
54 22
55 11
56 24
57 144
58 48
62 198
69 65
70 33
83 72
136 36
151 1
161 63
179 76
192 16
193 12
194 14
210 73
216 73
252 61
281 18
285 14
288 57
305 15
365 48
384 26
387 6
388 25
408 48
409 144
469 21
511 7
736 19
804 19
822 5
828 4
855 31
81 2
120 22
130 23
131 21
159 7
191 2
271 26
543 9
681 5
808 5
286 2
841 2
82 5
106 7
173 6
233 2
562 1
61 64
85 34
86 2
104 31
105 19
128 17
137 5
141 19
165 10
182 33
209 2
249 75
256 70
282 12
283 76
303 23
358 7
359 47
377 4
378 2
410 32
483 6
578 1
694 3
15 1
80 14
88 2
113 8
127 13
211 9
300 5
347 3
364 3
400 2
509 11
4 37
12 7
20 50
27 62
40 2
41 15
43 19
45 30
47 5
63 20
79 5
95 40
112 50
114 91
115 5
144 60
146 20
164 18
168 134
169 29
172 37
183 7
186 9
208 6
245 16
254 9
263 28
269 5
280 45
290 14
307 49
318 70
322 65
327 6
329 22
348 19
354 3
360 25
368 6
393 1
395 57
396 4
403 5
457 5
461 32
462 24
482 13
484 6
524 23
537 34
606 23
816 27
889 19
893 16
928 7
243 2
132 3
402 2
877 2
22 3
153 10
301 3
349 3
398 1
634 2
852 2
14 27
16 2
26 5
29 30
34 2
39 27
44 48
46 74
50 3
74 36
75 47
87 2
122 5
133 11
134 54
135 4
138 48
139 43
154 3
163 25
170 23
171 6
215 26
236 3
251 25
253 1
255 6
272 10
304 5
325 23
326 41
328 26
353 49
366 3
399 53
404 4
405 45
407 12
413 16
414 53
419 7
420 40
421 31
424 20
425 15
426 72
428 3
433 6
474 16
538 2
167 2
18 2
19 3
28 12
30 2
35 5
214 2
475 4
9 1
23 20
25 38
32 2
37 27
38 49
92 4
118 15
142 5
150 3
160 2
162 2
207 3
258 7
261 17
356 3
385 2
418 1
466 5
478 2
67 10
68 43
73 76
221 17
222 24
223 2
226 8
248 2
259 35
260 37
268 3
273 2
297 6
306 11
314 8
315 22
316 8
331 1
373 34
437 22
438 3
468 21
479 4
499 2
500 15
504 3
540 7
609 4
661 2
824 1
31 2
278 2
302 2
522 4
595 1
157 9
234 2
518 2
523 4
551 1
842 4
956 2
125 2
140 3
152 1
274 1
296 2
497 2
6 3
11 13
13 26
17 19
24 2
59 12
60 35
64 29
72 49
84 25
93 9
94 48
102 23
103 11
107 3
166 43
176 11
177 12
180 17
187 4
195 19
196 5
198 32
199 14
200 55
202 17
205 19
206 15
213 9
217 13
218 15
231 24
232 85
264 31
265 22
266 10
275 45
292 3
295 42
309 6
310 30
319 2
320 11
330 11
332 14
334 2
343 22
361 15
363 4
370 90
374 2
389 36
406 16
416 121
417 2
436 39
440 5
444 12
449 4
489 32
506 12
517 18
534 11
553 8
559 16
588 4
602 3
746 2
751 26
812 15
856 44
897 12
964 3
123 2
188 1
394 2
451 2
910 2
10 4
33 12
51 12
52 2
78 6
89 2
90 15
91 5
156 20
158 15
178 10
190 3
203 15
204 1
235 13
238 17
241 2
242 7
244 10
250 8
284 2
369 17
382 21
397 6
431 6
441 3
443 10
452 28
458 8
470 7
471 4
488 2
528 4
536 2
539 8
582 2
585 21
601 2
650 1
651 3
773 10
905 11
913 4
914 3
946 1
36 2
109 2
185 2
481 3
657 2
240 2
311 40
323 39
324 47
584 13
925 2
929 12
945 1
277 2
76 3
355 2
423 8
548 1
572 6
798 2
77 1
149 2
237 2
345 2
383 4
454 2
547 2
638 2
175 2
189 1
225 3
270 1
422 1
541 1
711 2
969 2
65 2
111 4
174 1
317 5
338 2
581 3
663 2
667 2
129 2
229 3
337 4
439 3
446 2
472 2
570 2
921 2
974 7
7 5
8 5
96 2
97 7
98 7
99 17
100 8
101 8
116 2
117 5
145 4
181 15
212 22
267 2
287 3
299 2
312 17
321 33
350 31
351 11
352 10
379 24
381 6
386 1
430 9
455 4
476 4
485 6
490 21
495 10
516 22
520 29
535 2
560 9
575 2
596 2
605 7
659 17
675 4
686 2
695 13
696 7
703 2
707 2
716 4
745 2
435 2
491 2
564 2
580 2
587 5
662 4
732 2
754 2
774 2
799 2
819 3
971 1
983 1
124 2
197 2
219 1
291 2
335 2
372 1
501 2
567 1
126 1
294 7
344 2
376 2
519 2
561 2
640 6
677 2
811 2
121 26
147 5
148 33
155 11
228 3
239 1
262 29
336 24
339 23
340 1
341 26
342 12
447 1
448 1
450 2
453 7
473 11
487 1
554 3
563 17
615 3
818 3
110 1
401 2
429 4
465 4
502 2
505 8
512 13
526 1
544 5
557 1
579 1
647 3
717 2
762 1
836 6
922 9
923 2
926 4
927 5
257 11
289 1
691 2
21 2
108 1
220 2
246 3
247 1
293 2
313 4
371 2
434 2
480 2
546 2
592 2
620 2
635 2
636 5
752 11
230 2
346 4
380 2
477 3
492 3
493 2
549 2
612 2
658 10
670 2
704 10
765 13
909 2
918 3
947 3
953 5
456 2
527 1
532 2
545 2
639 1
672 1
674 2
119 2
143 2
333 1
533 1
623 2
847 9
869 1
904 4
920 1
276 5
459 2
573 2
591 2
637 2
722 1
805 1
906 1
915 1
950 1
952 1
298 2
445 2
514 1
529 2
530 2
542 1
594 2
668 2
682 1
723 2
727 2
806 1
917 1
967 1
71 1
224 2
227 4
507 2
521 1
725 1
756 2
802 1
980 1
42 2
357 1
550 2
645 2
720 2
931 1
933 4
201 1
279 2
308 2
362 1
367 4
494 3
496 1
555 2
643 2
715 1
730 2
731 1
786 1
949 1
184 1
432 1
464 1
508 2
556 1
566 1
621 1
486 1
568 1
577 2
598 1
604 7
613 1
618 2
679 2
714 2
761 1
768 1
814 1
862 2
874 1
880 2
883 1
943 3
973 2
66 1
375 2
531 3
583 2
660 2
702 1
780 1
815 1
948 2
995 1
411 2
631 1
652 1
690 1
692 1
749 1
783 2
796 4
850 1
886 1
951 2
460 1
510 3
593 1
617 1
619 2
683 1
801 2
809 1
829 2
932 2
957 1
576 1
610 1
633 2
648 1
721 1
726 5
733 1
739 2
747 1
764 1
775 1
795 1
800 1
832 2
837 3
866 1
994 1
467 2
498 2
586 1
590 2
607 6
608 2
624 2
665 2
689 3
701 2
705 1
712 1
718 3
719 1
737 1
750 3
778 1
810 1
831 1
845 2
846 1
882 1
954 1
960 1
965 2
503 2
525 1
603 2
611 1
625 1
734 2
741 2
766 1
782 1
790 1
794 1
813 2
860 1
888 1
902 2
903 1
908 1
963 1
976 1
984 1
390 3
392 1
412 3
415 1
513 1
641 2
642 2
678 1
693 3
698 1
710 1
724 1
738 1
743 2
758 1
779 1
793 2
821 1
825 1
851 1
853 1
863 1
864 1
875 1
879 1
900 1
919 3
930 1
979 1
990 1
391 3
558 2
597 1
599 2
616 1
628 2
664 1
709 1
740 2
755 2
759 1
763 2
777 1
788 1
797 1
807 1
817 1
844 1
848 3
865 1
884 2
892 1
935 1
938 1
941 2
962 1
977 1
981 1
463 1
565 2
574 1
600 1
614 2
626 2
627 2
673 1
676 1
685 2
688 1
697 1
706 2
757 1
776 1
791 1
827 1
833 2
834 1
838 1
839 1
840 1
867 2
870 1
871 1
890 1
895 2
911 1
916 1
936 1
955 1
961 2
970 2
972 2
982 2
989 1
992 1
427 1
442 2
515 1
552 1
569 1
589 1
622 1
630 2
632 2
646 1
653 1
655 2
669 2
684 1
700 2
713 2
735 2
748 1
753 1
760 2
767 1
770 2
771 1
772 1
781 2
784 1
785 2
787 1
789 1
792 1
820 1
823 1
826 1
830 1
835 1
843 2
849 1
854 1
857 1
858 1
859 1
861 1
868 1
872 1
873 1
876 1
878 1
881 2
885 1
887 2
891 1
894 1
896 1
898 1
899 1
901 1
907 1
912 1
924 1
934 1
937 1
939 1
940 1
942 1
944 1
958 1
966 1
968 1
975 1
978 1
985 2
986 1
987 1
988 1
991 1
993 1
996 1
997 1
998 1
571 2
629 2
644 2
649 2
654 2
656 2
666 2
671 2
680 2
687 2
699 2
708 2
728 2
729 2
742 2
744 2
769 2
803 2
959 2
