1 1048
2 153
3 322
4 350
6 101
10 3193
11 1096
12 97
13 138
16 35
17 302
21 222
24 560
26 21
32 162
35 97
40 359
41 50
43 384
45 83
46 7
53 137
55 3882
56 144
58 1772
67 2084
72 92
74 1670
88 102
94 755
97 800
98 155
102 263
133 560
137 606
141 931
150 151
154 27
163 86
172 452
175 146
176 184
177 134
191 747
193 194
201 1015
206 2
219 96
226 1681
230 112
233 668
247 354
255 16
268 608
285 16
288 47
301 34
304 70
306 73
337 159
349 328
350 257
374 41
399 37
409 489
436 197
452 22
482 754
693 23
929 18
80 8
184 2
450 2
7 16
44 9
73 43
179 2
195 7
322 6
516 3
541 5
200 2
103 2
51 16
91 30
92 4
222 2
28 40
33 66
42 60
47 3
54 60
77 33
79 92
84 44
89 2
109 81
126 24
143 26
144 71
197 76
199 6
227 42
235 41
275 111
327 6
421 92
432 35
479 35
492 19
526 11
658 9
931 136
149 8
180 12
294 2
22 8
207 2
311 5
1060 2
108 5
530 2
14 2
274 7
317 31
449 7
598 2
694 2
798 15
8 4
114 2
345 3
365 6
5 62
132 9
159 2
218 2
277 89
18 51
23 3
83 371
86 71
99 2
105 83
118 91
130 15
139 159
166 9
169 34
178 75
181 22
212 262
221 15
236 8
239 61
250 120
257 114
431 26
560 60
790 13
1209 27
142 112
160 17
162 18
173 99
194 116
261 18
336 8
342 2
347 9
378 15
389 4
404 10
405 8
510 19
532 42
773 14
443 2
774 2
334 2
410 9
466 33
725 39
788 6
692 2
459 2
485 2
129 2
363 2
107 2
457 3
648 2
36 7
61 2
34 86
81 9
106 8
121 17
270 6
289 2
328 5
433 4
461 2
549 2
238 2
419 22
593 6
994 2
161 2
358 2
299 2
319 2
70 6
170 5
455 4
508 2
809 3
932 12
85 2
155 2
202 2
831 4
907 6
291 2
687 2
50 4
683 2
60 114
113 16
376 2
563 2
730 2
505 2
131 3
272 2
315 17
29 2
240 4
281 3
1100 2
37 13
38 2
225 8
229 4
656 2
498 2
781 2
39 2
157 2
568 2
787 5
151 2
373 2
68 2
138 6
147 19
835 5
863 2
127 47
412 167
442 65
454 2
625 18
823 3
827 8
879 31
882 2
249 2
273 9
473 4
506 3
633 9
128 4
873 12
927 2
1102 5
297 2
416 2
504 2
917 16
20 5
52 2
204 2
578 2
393 2
209 6
474 14
486 2
740 2
1069 2
324 2
295 2
811 22
186 2
244 2
260 2
267 62
407 88
464 2
585 5
997 2
360 2
148 4
213 2
265 5
594 35
93 2
25 3
252 2
403 3
491 5
534 4
686 5
338 2
669 2
71 2
814 2
287 2
192 2
15 12
57 30
69 2
82 16
223 2
372 17
434 2
573 4
30 14
335 2
382 2
1159 2
124 2
343 2
394 2
429 3
706 2
406 2
566 2
784 2
27 2
681 2
797 4
254 2
652 2
63 6
269 3
599 2
710 2
845 3
858 2
1377 2
75 2
117 3
152 2
340 6
361 5
370 7
418 2
632 29
870 3
1031 14
1032 5
1294 25
901 10
985 2
198 2
1369 2
323 15
1005 24
1020 2
174 2
470 2
366 2
511 2
1096 2
1336 2
341 2
821 2
961 2
303 2
741 2
880 17
1046 2
1095 2
332 2
352 2
874 2
164 3
622 2
704 3
736 5
1305 4
677 2
368 2
584 2
969 2
278 2
559 2
624 2
755 2
860 4
339 2
384 2
356 2
601 2
975 3
203 2
331 2
344 2
487 4
312 2
417 2
981 2
1003 5
1248 9
1431 2
100 2
309 2
467 4
542 2
104 2
211 2
217 6
697 16
843 2
992 7
1172 2
871 2
976 2
49 2
65 3
791 2
1168 4
397 2
502 15
538 5
574 3
579 3
673 2
712 6
861 7
1160 2
1237 9
19 2
31 2
78 3
469 2
524 2
535 4
726 2
110 2
231 2
447 2
483 2
718 6
228 3
509 2
915 2
1255 3
565 17
743 2
183 2
544 2
557 2
1178 2
383 2
618 2
371 2
135 2
802 2
832 3
911 4
62 2
523 2
623 2
575 2
607 2
111 2
570 2
647 2
1244 2
772 2
851 2
307 3
522 2
567 2
292 2
503 7
684 2
616 2
392 2
571 2
246 5
280 2
826 2
1038 2
1065 2
95 2
415 2
988 2
353 3
494 2
664 2
214 2
232 2
64 4
396 2
551 14
591 2
682 2
745 2
414 3
428 6
527 2
318 2
435 9
724 2
757 2
813 2
1074 2
1099 3
1166 2
465 2
471 3
621 18
731 2
531 2
894 2
902 2
90 5
153 2
158 7
478 2
645 2
279 3
329 2
679 3
690 5
936 2
986 3
1129 4
66 2
629 2
822 2
325 2
829 2
597 2
854 3
877 2
119 2
313 23
364 2
651 2
1109 5
537 2
716 2
1140 1
1252 2
165 2
224 2
477 3
533 2
707 6
951 2
205 2
210 2
671 2
837 2
842 8
241 2
387 2
1072 2
1152 2
1366 2
248 2
284 3
302 2
456 2
590 2
855 2
1012 13
253 6
320 3
330 2
638 2
763 7
958 2
1024 3
1154 2
1192 4
1216 2
1415 2
276 2
507 2
666 2
1090 5
1251 2
1264 2
1314 3
1315 6
182 2
185 2
362 3
810 2
925 2
395 2
1246 2
489 2
555 2
657 2
1002 2
351 2
719 2
862 2
602 3
705 3
735 2
900 3
912 2
1078 2
1411 2
1433 11
723 2
1075 2
595 2
134 2
258 2
300 3
708 3
998 2
1299 2
355 2
812 2
1250 2
1378 24
245 2
476 2
500 2
691 2
1122 2
283 2
556 2
519 2
950 2
453 2
496 2
514 2
720 1
913 3
1091 2
1301 2
1493 4
643 2
775 4
1331 2
518 2
661 2
48 2
488 53
663 2
770 5
1116 2
271 2
841 2
1363 2
215 3
460 2
619 2
1200 1
251 2
385 2
386 3
543 3
586 2
1173 2
422 2
539 2
717 2
905 2
850 2
935 2
76 1
777 2
938 2
475 1
120 2
369 13
381 2
441 2
650 3
654 6
896 2
1175 2
189 2
190 10
237 3
357 9
390 2
1045 2
462 2
759 2
1211 2
1304 2
581 2
592 2
742 2
746 2
756 4
872 9
326 2
881 2
919 2
948 2
733 4
749 2
793 1
1007 8
1156 2
1427 2
379 2
420 2
689 2
897 2
1158 3
425 2
744 2
794 3
864 2
1030 2
1040 2
266 1
398 2
670 2
1163 2
187 2
188 3
196 2
263 2
554 2
674 2
698 13
1021 2
1066 2
439 2
641 10
649 2
695 2
892 2
1041 3
168 2
348 2
639 2
904 2
921 2
996 2
1043 2
1230 2
208 2
536 3
636 2
667 2
715 2
750 1
853 2
388 2
959 2
552 2
637 2
830 2
1235 2
1242 2
145 3
444 2
634 2
1010 2
561 2
628 2
805 7
1000 2
1187 2
1194 2
1292 2
1300 2
438 2
440 7
583 2
610 2
801 2
807 2
869 2
1014 2
401 7
547 2
799 2
859 8
167 4
359 2
517 2
727 2
795 2
978 2
1047 2
1265 2
9 1
87 2
282 2
314 3
646 2
1422 2
264 2
408 2
513 2
550 2
660 2
796 2
1220 2
1061 2
1111 2
1188 2
1204 2
1395 4
140 2
562 2
700 2
1093 2
1133 2
1142 2
296 3
789 2
875 2
885 2
1440 2
220 2
400 2
402 2
427 10
445 5
499 37
572 2
659 2
688 1
702 2
955 2
1086 2
1113 2
612 2
1073 2
1323 2
631 2
171 2
675 2
840 2
937 2
1083 2
1290 2
490 2
497 1
520 2
606 2
732 2
838 2
945 2
974 2
1207 3
308 2
426 1
587 2
820 2
971 2
1184 2
1234 2
1410 3
1466 2
437 2
540 2
678 2
834 2
1183 1
290 3
765 3
776 2
780 2
866 2
956 2
982 1
1222 2
760 2
816 2
910 2
1039 2
1144 2
1379 2
243 2
472 2
722 2
754 2
934 2
965 2
298 2
495 2
564 1
703 2
1117 2
1118 2
1214 2
582 2
696 2
766 1
818 2
846 2
953 7
1062 1
1136 2
1258 2
1352 2
424 2
857 2
865 2
1191 2
1396 2
122 4
123 2
259 17
577 2
615 2
848 2
980 2
984 2
1110 2
1180 1
1326 3
1350 2
1351 1
59 2
377 2
665 1
923 2
1414 2
293 2
1004 1
1345 2
1491 2
785 2
1101 1
1181 2
1206 2
1278 1
96 1
310 2
609 2
815 2
914 1
1280 2
136 2
234 2
729 2
856 1
977 2
1161 1
1257 2
375 2
588 2
944 2
1170 1
1288 2
101 2
112 2
321 2
380 2
608 9
653 1
762 2
884 2
1270 2
1360 2
786 2
888 2
1015 2
1016 2
1221 2
1413 1
125 2
867 1
1167 3
1322 2
1327 1
1390 2
1391 2
1483 2
423 2
515 2
604 2
943 1
1028 2
1346 2
528 1
600 2
753 1
918 2
1138 2
1356 2
1389 2
1416 2
1444 2
305 2
463 2
644 2
783 2
817 2
852 1
1082 1
1085 2
1155 2
1208 2
1277 1
242 2
480 2
596 2
963 3
1067 2
1376 2
1405 1
1494 2
1502 1
512 2
576 1
640 2
685 2
989 2
1017 2
1071 2
1286 2
1456 2
546 2
630 2
758 2
764 2
825 2
833 2
1124 2
1177 1
1275 2
1335 2
1469 1
1540 2
627 1
655 2
1036 2
1306 2
1453 2
468 2
558 2
589 2
620 2
701 2
779 13
878 3
889 2
1023 2
1059 1
1084 3
1215 2
1344 3
1464 2
156 2
333 2
411 2
501 2
553 2
614 1
617 1
761 2
839 2
883 1
895 2
1106 1
1120 2
1218 3
1253 2
1318 3
1374 2
1421 2
262 2
346 1
1094 1
1267 1
1273 2
1325 1
1341 2
1545 1
769 1
891 2
908 1
1056 1
1103 2
1186 2
1229 1
1279 1
216 2
995 2
1139 1
1174 2
1185 1
1193 1
1198 3
1233 2
1324 2
1523 2
256 2
662 1
747 1
1044 1
1080 2
1119 2
1197 2
1316 2
1333 1
1393 2
1426 2
1475 2
115 2
713 2
738 1
890 2
924 2
928 2
942 3
1063 2
1068 1
1189 1
1348 2
1481 2
1484 2
391 1
529 2
792 1
899 2
1011 1
1029 2
1126 2
1150 2
1226 2
1254 2
1256 1
1340 2
1560 3
605 1
737 2
836 2
847 2
920 1
952 2
1037 2
1064 2
1274 1
1355 2
1399 2
1451 2
430 2
569 1
603 2
699 1
709 2
819 2
876 2
893 1
1025 1
1033 1
1312 2
1332 2
1526 1
1548 1
446 1
458 2
898 1
1009 1
1022 2
1112 2
1149 2
1239 2
1298 1
1362 1
1454 2
1474 1
1539 2
1578 2
903 1
906 2
957 2
1162 1
1289 1
1311 1
1339 1
1380 1
1479 1
1489 1
635 3
752 1
771 2
922 2
964 6
1026 2
1089 2
1151 2
1203 1
1224 2
1232 1
1238 2
1309 2
1353 2
1409 2
1449 2
1503 2
1584 2
949 1
1035 2
1049 1
1148 1
1171 1
1223 2
1225 2
1241 1
1266 1
1349 1
1412 1
1417 2
1420 2
1452 2
1518 2
1572 2
354 2
521 1
611 2
721 2
800 2
993 2
1034 1
1051 2
1070 2
1087 1
1157 2
1165 1
1190 1
1196 1
1199 1
1263 3
1276 2
1281 2
1296 1
367 2
626 2
672 2
714 2
973 1
1006 1
1027 1
1052 1
1053 1
1176 2
1291 2
1308 2
1358 2
1385 2
1436 1
1497 2
484 2
782 1
806 1
916 2
954 1
966 2
1077 2
1337 2
1383 2
1384 1
1397 2
1441 2
1465 1
1509 1
1557 2
146 2
545 1
739 2
972 1
983 2
1092 1
1115 2
1179 2
1268 1
1307 2
1425 1
1477 1
316 2
448 1
580 1
676 1
748 1
778 1
849 1
987 1
991 2
1123 5
1240 2
1247 1
1259 3
1282 2
1329 1
1359 1
1386 2
1403 1
1455 1
1542 2
1544 2
613 1
680 1
999 1
1001 2
1048 2
1055 1
1098 1
1105 2
1107 1
1202 1
1293 1
1367 2
1458 2
1527 1
1536 2
1550 1
1553 1
451 1
525 2
926 1
1008 1
1018 1
1182 2
1201 2
1212 1
1227 1
1372 2
1424 1
1428 2
1443 1
1446 2
1510 1
1538 1
493 1
548 1
642 1
751 1
803 2
824 1
909 2
940 1
946 1
968 2
1088 1
1146 1
1217 2
1283 1
1347 2
1368 1
1388 1
1450 1
1487 2
1574 2
668 1
967 2
1013 2
1050 2
1195 2
1249 1
1297 1
1328 1
1330 1
1338 2
1343 2
1361 1
1373 1
1404 1
1473 2
1513 1
1515 1
1519 2
1546 1
1569 2
728 2
734 2
768 1
804 2
947 1
962 1
1081 2
1121 2
1125 1
1143 1
1205 1
1287 1
1302 1
1429 2
1507 1
711 1
767 1
808 3
933 1
941 1
960 1
1079 1
1131 1
1317 1
1371 1
1392 1
1394 2
1406 1
1437 1
1472 1
1567 2
286 2
828 1
970 1
979 2
1127 1
1128 1
1153 1
1164 2
1169 2
1213 1
1228 1
1471 1
1492 1
1496 1
1521 1
1581 1
1605 2
116 3
413 2
481 1
1019 1
1057 1
1076 1
1219 1
1236 2
1243 2
1272 2
1285 2
1320 1
1387 2
1463 1
1504 2
1565 1
1589 1
1610 1
844 1
868 1
886 1
939 1
1097 1
1104 1
1108 1
1145 1
1210 1
1269 1
1354 1
1364 1
1381 2
1400 1
1407 1
1445 6
1447 2
1448 2
1457 1
1529 1
1577 1
1596 1
1042 1
1114 1
1132 1
1134 1
1260 1
1303 2
1319 1
1321 2
1357 1
1382 1
1398 1
1418 1
1423 2
1430 1
1438 1
1442 2
1462 1
1470 2
1485 1
1486 1
1490 1
1511 1
1528 1
1531 1
1534 1
1541 1
1543 1
1563 1
1579 1
1587 2
1588 1
990 1
1054 1
1130 1
1231 1
1245 2
1313 1
1342 1
1365 1
1375 1
1402 1
1488 1
1514 1
1517 1
1532 1
1549 1
1571 2
1576 1
1598 2
887 1
930 1
1135 1
1141 1
1261 1
1284 1
1295 1
1310 1
1334 1
1401 1
1432 1
1459 1
1460 1
1476 1
1480 2
1498 1
1500 1
1505 1
1508 1
1524 1
1525 1
1547 1
1551 1
1552 1
1564 1
1575 1
1580 1
1585 1
1597 1
1602 1
1607 1
1147 2
1271 1
1370 2
1408 1
1419 2
1434 1
1435 1
1439 1
1467 1
1478 1
1482 1
1495 1
1512 1
1516 2
1520 1
1530 1
1533 1
1535 1
1555 1
1568 1
1583 1
1586 1
1591 1
1593 1
1599 1
1600 1
1606 1
1608 1
1609 1
1616 1
1618 1
1624 1
1058 1
1137 1
1262 2
1468 1
1499 1
1506 1
1522 1
1537 1
1554 1
1556 1
1558 1
1559 1
1561 1
1562 1
1566 2
1570 1
1573 1
1582 1
1590 1
1592 1
1594 1
1595 1
1601 1
1603 1
1604 1
1611 1
1612 1
1613 1
1614 1
1615 1
1617 1
1619 1
1620 1
1621 2
1622 1
1623 1
1625 1
1626 1
1627 1
1628 1
1629 1
1461 2
1501 2
