5 33
8 410
10 64
17 64
19 140
21 69
22 155
24 911
26 768
27 340
37 492
40 208
57 354
68 287
76 363
81 152
85 166
88 45
91 99
103 2276
136 2058
142 627
143 649
151 726
152 1296
157 38
163 258
164 266
166 1888
167 429
169 429
170 1302
171 5
173 96
174 941
199 237
204 105
208 284
211 25
214 32
244 303
245 99
248 7
251 684
257 33
258 91
267 464
275 59
282 14
287 370
291 918
296 517
301 40
318 187
324 1025
349 134
371 10
380 287
381 96
382 283
383 13
385 103
390 835
413 19
428 512
462 117
513 391
545 198
609 83
628 11
667 135
674 2
686 323
694 9
695 59
696 59
713 197
726 34
738 77
748 2
751 53
759 237
806 36
920 500
927 137
1164 1688
1173 15
1358 17
1360 108
1406 451
1408 12
1592 245
1732 2057
1741 1446
1920 437
2181 30
2237 257
2397 65
2398 219
2574 138
2839 43
82 2
2 46
3 16
66 2
80 2
1259 8
34 6
47 3
392 2
794 12
2003 2
28 5
35 3
231 2
302 3
4 2
25 2
39 11
48 27
63 7
104 50
145 74
186 81
201 78
207 14
218 61
219 7
220 54
259 12
264 3
286 82
378 55
389 69
514 5
742 13
1159 22
99 2
100 43
137 4
182 3
215 9
280 2
441 64
1777 2
14 99
29 33
72 7
78 2
112 10
144 74
237 16
319 30
393 5
433 4
476 4
530 14
2006 7
685 2
193 3
307 89
312 12
340 2
408 6
630 3
779 3
41 2
221 3
992 2
396 2
43 2
922 2
1976 3
411 31
502 2
655 2
46 2
276 2
519 5
268 2
414 2
2081 3
234 2
105 2
825 2
86 2
1326 2
316 2
485 2
279 2
305 12
377 2
431 3
500 3
551 13
649 3
313 2
328 3
342 2
733 2
492 2
1439 3
273 2
416 2
468 4
812 5
1349 69
1455 2
611 2
322 2
11 2
36 3
132 2
298 2
1769 2
168 2
7 2
139 7
314 11
1208 6
1213 4
2483 2
555 13
608 4
642 2
888 2
1115 2
1265 3
1331 2
127 5
576 2
110 2
216 2
281 9
394 2
451 2
372 3
652 3
1593 2
44 3
1806 2
1285 2
205 2
332 2
148 3
292 2
467 3
840 7
897 2
899 2
1254 5
1517 11
376 2
12 2
30 2
31 40
661 3
761 2
1218 4
1249 2
1352 2
93 2
1529 2
109 2
111 13
731 2
1034 3
1451 2
123 2
255 2
531 4
256 2
758 2
20 7
71 9
209 2
339 2
1162 3
1752 2
644 2
621 2
49 2
97 14
238 2
603 3
935 2
948 4
62 4
125 3
710 2
79 3
115 4
160 2
290 4
333 3
334 65
689 2
1868 2
2717 3
70 2
187 4
721 2
783 10
1004 2
9 2
518 3
1449 2
96 2
250 2
1128 2
1372 3
703 2
800 2
803 13
823 2
1105 4
509 2
284 2
472 3
724 2
1 6
50 2
58 4
69 3
124 7
134 2
150 6
159 4
194 3
217 2
265 3
402 9
561 4
683 3
715 4
1041 10
1048 3
417 5
1347 2
589 2
872 2
633 3
791 11
893 3
981 2
1081 28
1293 29
52 2
266 3
588 2
1193 2
780 2
407 2
506 7
535 5
784 2
885 2
1178 4
2064 2
15 2
16 11
106 2
940 2
154 3
317 7
776 2
1412 2
493 2
586 2
648 3
785 6
1009 2
1383 2
119 2
213 2
297 3
354 3
387 2
398 4
653 2
1514 41
1713 13
1886 72
122 2
241 2
363 3
2404 2
138 19
315 2
681 7
1226 3
1546 2
680 2
1637 5
475 2
939 2
228 3
277 2
1005 2
1346 2
1621 2
240 2
439 3
834 2
94 2
308 3
639 3
657 3
699 2
977 2
75 2
89 2
455 2
729 5
978 2
1291 2
1647 3
1971 2
2573 2
2706 13
626 2
832 2
299 2
915 2
522 2
880 2
1540 2
440 2
690 4
102 2
269 3
1169 2
1287 2
360 3
474 2
565 3
902 6
991 14
994 3
1003 5
1114 7
1283 16
1653 2
2340 2
789 2
95 2
126 3
246 6
375 3
585 2
1874 2
638 2
719 2
1401 2
1787 4
13 2
564 2
569 2
957 3
1336 5
1353 2
1609 2
131 3
1247 2
1290 2
1635 2
2643 3
330 5
629 3
663 2
1016 2
1200 2
55 2
117 3
189 2
594 2
1581 2
1736 3
2079 2
839 2
892 2
1192 2
310 3
788 1
1427 2
77 2
129 2
274 2
329 2
403 8
418 4
540 3
741 2
1278 2
1663 4
2509 3
45 2
224 3
617 2
675 3
723 2
1211 2
1228 2
1509 2
249 3
374 4
469 3
793 2
797 3
1341 2
2258 2
84 2
116 4
227 2
362 8
702 2
1111 2
1180 5
1999 2
2229 3
65 2
98 6
405 2
575 5
980 2
990 2
1131 2
1305 2
1443 2
1634 2
2044 3
202 2
446 2
517 2
607 2
1239 2
1471 2
1482 4
1588 2
1610 22
1684 3
1779 2
1884 2
1962 11
2171 2
236 2
568 2
706 2
804 2
890 2
1231 3
195 2
1320 2
1786 2
454 5
560 3
937 2
1020 2
1021 5
1135 2
1217 3
2470 2
327 2
401 2
735 2
950 2
1301 2
2524 2
83 2
184 13
384 10
921 2
1126 2
1463 7
2072 4
2647 2
1703 2
671 2
1168 2
1419 2
1577 4
2884 2
503 2
851 2
938 2
1469 2
128 2
521 7
854 3
886 2
945 2
971 2
1027 2
1088 2
1110 5
1855 2
18 3
483 2
552 2
614 2
745 4
1051 4
1073 2
1093 2
1189 2
1258 2
1311 3
1393 2
1677 3
2563 2
350 2
546 2
1071 2
1084 2
1282 3
1390 3
1751 2
1798 2
61 2
64 8
133 8
226 13
700 2
739 2
813 3
882 5
912 3
1118 9
1288 2
1304 3
1357 7
1837 4
1959 3
2058 2
212 3
285 2
397 2
434 6
511 8
532 3
580 37
707 2
762 4
769 49
891 3
996 3
1025 2
1098 2
1171 37
1276 4
1292 2
1533 3
2053 11
2103 2
2551 2
188 5
331 2
338 2
599 2
619 2
641 2
668 2
846 12
1100 2
1155 2
1495 2
53 2
430 2
958 2
1198 2
1295 2
1742 3
2860 3
235 2
365 6
412 3
491 2
495 2
554 3
592 3
716 2
964 2
1109 2
1340 2
347 20
369 2
818 2
1567 2
1689 3
1753 3
161 3
325 4
508 2
740 3
895 2
898 2
1149 5
1622 2
191 2
436 2
450 3
456 2
673 2
972 2
1527 2
2016 4
2094 2
2804 2
722 1
1052 2
1091 2
1553 2
2931 2
147 2
198 3
247 2
386 2
409 3
460 2
486 2
515 2
999 2
1371 2
1378 2
1966 2
2644 2
300 2
359 2
853 2
908 2
1054 3
1264 2
1524 2
1656 2
2047 2
2247 3
670 2
732 2
753 2
870 2
1028 2
1450 2
1750 3
2852 2
577 2
618 2
889 2
894 2
1056 3
1108 2
253 2
505 2
798 2
822 2
1191 2
1490 2
178 2
263 2
459 3
465 5
478 2
593 2
760 5
1046 3
1138 3
1201 2
1499 2
1725 2
2313 7
344 2
351 2
527 2
932 2
1119 2
1738 2
181 2
343 2
364 2
852 2
1297 2
1318 2
1486 2
2214 2
192 2
457 2
596 3
763 2
904 2
1146 2
1316 5
1348 2
1601 2
1631 2
1664 2
2147 4
2286 3
23 2
337 2
444 2
445 6
805 3
1033 2
1067 2
1205 2
1234 2
1470 2
1547 2
1735 2
1889 2
135 4
210 2
270 3
497 14
510 2
590 2
787 2
801 1
850 5
1001 2
1133 3
1165 2
1166 5
1214 2
1215 2
1368 3
1710 3
2142 2
2504 2
2537 2
114 3
232 3
449 2
525 2
563 2
570 3
582 2
659 3
701 1
967 2
974 2
1063 2
1069 12
1351 2
1377 4
1418 3
1420 3
1477 2
1550 2
1571 9
1640 9
1754 3
1820 2
423 3
557 2
631 2
855 2
875 2
1043 2
1232 2
1382 2
1453 2
2168 4
2172 2
2243 2
2690 12
2695 2
447 2
534 2
714 2
1049 2
1570 2
1905 2
2793 1
42 3
90 3
357 1
598 2
1000 3
1961 2
1967 2
2361 2
288 2
358 2
388 2
406 5
573 3
692 2
861 3
924 2
1142 3
1355 2
1466 7
1488 2
1859 3
2085 2
2268 2
361 2
496 2
799 2
838 2
913 2
943 3
1137 2
1315 2
1403 2
1428 2
1575 2
1838 2
2390 2
6 2
38 2
158 2
177 2
415 3
771 2
809 2
835 2
959 4
1006 2
1083 1
1102 8
1116 2
1241 4
1881 2
1964 2
2041 2
2261 2
2262 2
320 2
781 2
836 2
1044 2
1286 2
1560 2
1583 3
1650 2
1666 2
1933 3
1984 2
2401 2
2454 3
278 2
321 2
606 2
775 2
1060 3
1113 2
1117 4
1125 3
1130 3
1199 2
1530 2
1602 4
1785 2
1797 2
1839 2
1857 5
1860 3
2412 2
2466 3
54 4
107 2
200 2
293 2
463 3
533 14
550 2
605 2
635 2
636 2
717 2
746 4
909 3
933 3
1057 2
1236 2
1342 4
1436 1
1473 2
1539 2
1613 2
1614 2
1853 2
1930 2
1957 2
2356 2
2740 2
67 2
130 3
155 2
306 2
335 18
366 2
581 3
637 3
647 2
704 2
755 3
952 2
1031 2
1147 8
1306 4
1397 2
1521 4
2126 2
153 5
271 2
571 2
905 2
1163 2
1206 2
1313 1
1322 2
1364 2
1404 2
1793 3
1811 2
2289 2
303 4
481 2
774 2
860 1
1319 7
1321 2
1464 2
1525 5
1582 2
1862 2
1903 1
1977 2
2008 2
2559 3
400 2
438 2
816 2
884 2
907 2
917 3
1047 1
1089 2
1696 3
1896 2
1969 2
2026 2
2400 2
2832 2
118 2
352 2
489 2
650 2
654 2
766 2
883 2
930 2
1280 3
1413 2
1430 2
1612 2
1645 2
1836 2
1872 2
1997 7
2014 2
2185 2
2189 3
2226 2
2435 5
2463 2
523 2
524 4
537 2
583 2
966 2
1092 2
1112 3
1160 2
1174 2
1261 6
1384 2
1400 2
1516 2
2266 2
2499 2
2746 2
2747 5
140 3
229 2
373 2
443 3
632 3
634 2
651 2
656 2
910 2
960 2
1792 2
2128 3
2934 3
295 7
304 2
490 2
887 3
900 2
965 2
1064 2
1076 2
1152 2
1216 9
1307 2
1584 1
1963 2
2065 2
2234 2
183 2
239 2
712 3
857 2
871 2
954 2
1139 1
1148 2
1272 3
1354 2
1659 1
1755 2
1851 2
2193 2
2513 3
2737 3
2869 1
562 2
620 2
842 2
863 2
919 2
941 2
970 2
1074 3
1077 2
1101 5
1106 1
1121 4
1248 2
1255 2
1270 2
1566 2
1675 2
1832 2
2063 2
2338 2
2424 1
2427 2
2544 2
2682 2
1251 2
1274 3
1697 1
1943 2
2088 2
2123 2
2475 1
2529 2
32 3
425 2
453 2
553 2
916 2
1252 2
1800 2
1873 2
1875 2
1923 2
1998 3
2004 3
2022 2
2109 1
2164 2
2165 3
2188 2
2352 6
2386 2
346 2
466 2
470 2
512 2
548 3
643 1
687 4
757 1
792 2
1002 2
1122 4
1345 2
1519 2
1658 2
1671 10
1734 2
1856 2
1895 2
1925 2
2040 2
2420 2
272 2
437 2
461 2
488 2
578 2
601 3
625 1
691 1
1055 2
1167 1
1212 2
1250 2
1267 3
1327 2
1733 3
1850 2
2038 2
2180 2
2199 2
2238 1
2771 2
2919 2
536 2
574 2
595 2
622 3
658 2
725 2
876 3
914 2
934 2
963 1
983 1
1144 2
1170 2
1235 2
1268 2
1333 2
1399 2
1506 2
1807 3
1847 7
1861 2
2140 3
2547 2
2589 2
424 1
452 2
610 2
782 1
810 2
821 1
1269 2
1296 3
1376 2
1444 2
1505 2
1549 4
1606 2
1718 7
1849 2
2452 2
2480 2
2489 2
336 1
391 2
544 2
705 1
802 2
864 2
1010 2
1017 2
1300 2
1441 2
1555 3
1695 2
1931 2
2031 2
2075 2
2157 2
2403 2
2620 2
3019 1
121 2
309 2
494 2
499 2
786 2
790 2
826 1
923 2
1367 3
1485 1
1596 2
1721 2
1757 2
1788 2
2135 2
2205 2
2846 2
156 2
223 2
242 2
379 1
429 3
435 2
516 2
566 1
597 2
624 2
666 2
669 2
1026 2
1037 2
1244 1
1329 2
1388 1
1425 2
1447 1
1452 1
1489 2
1492 2
1496 4
1618 2
1665 2
1698 2
1801 1
1824 2
1908 2
2099 1
2210 2
2731 1
2784 3
2850 2
289 2
479 2
558 1
672 2
827 2
862 2
1053 2
1059 2
1195 2
1303 2
1416 1
1454 2
1458 2
1538 2
1589 2
1789 2
1990 2
2012 1
2043 1
2093 2
2097 1
2107 2
2203 3
2275 3
2438 2
2514 2
2632 3
56 1
92 2
404 2
464 4
677 3
697 2
845 2
962 1
1136 5
1298 2
1410 2
1435 2
1578 1
1626 1
1673 2
1722 1
1771 2
1863 2
1883 2
1907 2
2102 1
2306 2
2360 2
2798 2
345 2
426 2
471 2
615 2
1123 3
1194 2
1257 4
1263 3
1502 2
1562 2
1709 2
1766 2
1993 3
2042 1
2133 2
2167 2
2305 1
2395 2
2603 2
2738 2
2842 2
2870 2
2871 2
399 2
421 2
442 2
604 2
718 2
754 5
764 2
831 2
896 2
946 2
947 2
985 3
1038 2
1156 2
1273 1
1284 4
1402 2
1445 3
1498 2
1556 2
1620 2
1638 2
1727 1
1737 2
1802 1
1975 3
2411 2
2764 2
2908 2
2940 2
367 5
432 2
584 4
843 2
955 1
1090 2
1158 2
1175 1
1617 2
1690 2
1693 2
1765 1
1772 2
1791 2
1914 1
1917 2
1939 2
2002 2
2018 2
2076 2
2113 2
2197 2
2302 2
2362 2
2405 2
2605 2
2954 3
73 2
233 6
356 2
541 2
559 2
682 2
878 2
982 2
998 2
1018 2
1294 2
1317 2
1323 2
1362 2
1363 2
1513 2
1543 2
1611 2
1655 1
1749 2
1756 6
1796 3
1844 2
1865 2
1972 2
1982 2
2023 2
2046 2
2100 2
2101 3
2161 3
2196 2
2335 2
2490 2
2518 3
2627 1
2679 1
410 1
422 2
477 2
504 2
756 1
768 2
811 2
817 3
856 2
931 2
1024 2
1042 2
1082 2
1094 2
1240 2
1337 1
1411 2
1573 2
1830 2
1834 1
1885 2
1911 2
1946 2
1970 2
1979 2
2536 2
2565 2
420 2
660 2
662 1
770 2
837 2
1145 2
1202 1
1230 2
1242 2
1361 2
1414 2
1504 2
1542 2
1545 2
1561 2
1674 1
1700 2
1782 2
1827 1
2160 2
2584 2
2709 2
2873 1
230 2
355 1
482 2
526 1
543 2
587 1
602 2
819 2
847 2
918 2
984 2
1011 2
1104 2
1181 2
1256 1
1324 2
1387 4
1500 2
1615 2
1813 2
1823 2
1825 2
1842 1
1981 1
1994 2
2213 1
2321 2
2461 2
2464 2
2538 2
2608 2
2930 2
2953 2
206 2
254 2
260 2
623 2
720 2
730 2
777 2
942 1
969 2
1012 2
1078 2
1233 2
1392 1
1417 1
1682 1
1691 2
1790 2
2009 2
2137 2
2437 2
2456 3
2506 2
2531 2
2659 2
2819 2
252 2
600 2
727 2
879 2
903 2
1103 2
1127 2
1210 2
1225 2
1379 4
1391 4
1424 2
1457 5
1465 1
1481 6
1497 1
1569 1
1599 1
1633 1
1668 2
1707 2
1708 1
1715 1
1716 1
1739 2
1922 2
1934 2
1947 1
1949 1
1983 2
2000 2
2019 2
2030 2
2039 2
2144 2
2191 2
2200 1
2278 2
2279 4
2484 2
2494 2
2511 2
2639 2
2677 2
2696 1
2703 2
2750 2
2789 2
2939 2
87 2
203 2
520 2
538 2
549 2
877 1
961 2
1141 1
1179 2
1309 2
1334 3
1343 2
1446 2
1598 2
1636 2
1805 2
1826 2
1831 1
2027 2
2055 1
2080 2
2120 2
2194 1
2263 3
2301 2
2417 1
2434 2
2487 2
2586 1
2623 2
2636 2
2835 1
2904 2
2963 2
2973 2
51 1
113 2
175 2
176 8
419 2
645 1
646 1
698 2
829 2
1087 2
1099 2
1124 1
1219 5
1227 2
1431 2
1437 2
1438 2
1460 1
1462 2
1487 2
1554 2
1574 1
1743 3
1775 3
1778 1
2034 2
2096 1
2121 2
2131 1
2149 2
2152 2
2235 1
2244 2
2251 2
2257 1
2314 2
2413 2
2445 2
2655 2
2763 2
2790 1
2915 1
547 2
765 2
848 3
849 3
993 2
1039 2
1097 2
1172 2
1328 2
1344 2
1365 2
1381 2
1386 2
1474 1
1558 1
1590 2
1591 3
1616 2
1624 2
1681 2
1692 1
1699 2
1759 2
1809 2
1821 2
1880 1
1887 3
1932 1
1986 2
2024 1
2067 2
2124 2
2177 4
2182 2
2183 2
2230 2
2371 1
2378 1
2381 2
2473 2
2482 2
2492 1
2497 1
2612 3
2613 2
2614 1
2633 1
2656 1
74 1
162 2
480 2
616 2
1061 1
1075 2
1220 2
1221 2
1223 5
1405 1
1433 1
1442 2
1510 3
1528 2
1544 2
1748 1
1773 1
1841 2
1852 2
1928 2
1929 2
2221 2
2225 2
2346 1
2376 1
2459 1
2467 2
2557 2
2599 2
2609 2
2628 2
2688 2
2704 1
2779 2
2788 2
2848 1
2862 1
2890 4
2972 1
101 3
261 2
676 2
752 2
995 1
997 2
1032 2
1132 2
1186 2
1187 2
1266 2
1277 2
1279 2
1299 2
1308 1
1332 1
1339 2
1434 1
1475 1
1619 1
1630 2
1641 3
1644 2
1660 1
1669 1
1680 1
1683 2
1866 2
1926 1
1938 2
1951 2
2001 1
2037 1
2111 2
2116 2
2129 3
2158 2
2217 2
2253 2
2309 3
2377 1
2519 1
2528 2
2650 2
2680 2
2689 2
2881 1
3016 2
179 2
368 1
395 2
448 1
528 1
613 2
684 1
709 2
728 2
815 2
1007 2
1019 2
1040 1
1096 3
1260 4
1325 1
1407 2
1422 1
1563 1
1604 1
1607 1
1608 3
1687 1
1762 2
1814 1
1906 2
1919 2
1954 2
1965 1
2132 2
2207 2
2248 2
2291 2
2322 1
2419 2
2476 1
2520 3
2566 1
2598 1
2610 2
2666 1
2772 1
2826 2
2856 2
2886 1
108 2
341 1
579 1
693 2
734 2
820 2
865 2
881 2
987 2
1022 2
1058 2
1157 2
1161 2
1185 2
1196 2
1204 1
1335 3
1370 2
1415 2
1468 1
1479 2
1501 2
1580 1
1597 2
1628 2
1648 2
1652 1
1661 2
1758 2
1822 1
1882 1
1892 2
1916 2
1927 2
1936 2
1952 1
2011 2
2049 1
2062 2
2069 1
2122 1
2166 1
2190 2
2204 1
2209 2
2219 2
2264 1
2296 2
2341 2
2351 1
2448 1
2496 2
2575 1
2637 1
2649 1
2653 1
2663 1
2665 5
2668 2
2685 2
2741 2
2742 1
2748 2
2950 2
3018 2
60 3
185 1
311 2
458 2
498 2
737 2
749 1
867 2
1023 2
1035 1
1224 2
1281 1
1312 2
1432 1
1520 1
1587 2
1670 1
1704 1
1705 1
1731 1
1740 1
1815 1
1835 1
1840 2
1898 1
1900 1
1909 2
1924 1
1941 2
1942 2
1945 1
1980 2
1989 2
1995 1
2015 1
2036 2
2050 2
2084 2
2112 2
2154 1
2162 1
2173 2
2186 1
2354 2
2382 2
2394 4
2481 2
2493 2
2521 2
2532 2
2561 2
2567 2
2569 2
2570 1
2581 2
2601 2
2611 3
2642 2
2671 2
2702 2
2708 2
2712 2
2729 2
2732 2
2733 1
2744 2
2816 2
2896 1
2902 2
2997 2
3002 1
3003 2
473 1
828 2
869 2
928 2
1143 1
1207 2
1238 3
1467 1
1508 2
1512 2
1531 1
1576 1
1679 2
1686 1
1702 1
1720 1
1763 2
1767 1
1780 2
1804 2
1869 2
1899 1
1912 1
1915 1
1918 2
1985 2
2013 2
2025 2
2051 2
2066 2
2090 2
2141 1
2174 1
2201 1
2212 2
2231 2
2260 2
2276 1
2285 3
2319 2
2380 1
2387 1
2391 1
2406 1
2471 1
2486 1
2523 2
2541 2
2542 1
2553 1
2558 1
2593 2
2607 1
2617 1
2654 1
2676 2
2678 2
2698 2
2727 1
2761 3
2879 2
2921 2
2932 3
120 3
225 1
243 2
678 1
747 2
844 1
868 1
926 2
956 1
976 2
1008 2
1014 2
1029 2
1065 1
1066 2
1140 1
1503 1
1627 2
1646 2
1764 2
1781 2
1784 2
1891 2
1904 1
1937 2
1956 1
1996 2
2010 2
2073 2
2092 2
2134 1
2179 2
2315 2
2318 2
2330 2
2332 2
2366 2
2423 1
2439 2
2446 1
2465 1
2472 2
2477 1
2522 2
2577 1
2662 1
2670 1
2726 2
2797 1
2799 2
2805 1
2829 2
2891 1
2916 3
2938 1
2960 1
2970 2
149 3
172 2
294 1
370 2
487 1
556 1
572 1
591 1
612 1
708 2
772 1
778 1
929 1
944 1
975 1
1045 2
1150 2
1153 2
1176 2
1409 1
1522 2
1536 2
1548 1
1568 2
1586 2
1595 1
1651 2
1719 2
1858 2
1879 2
1894 1
2007 1
2028 1
2052 2
2059 2
2087 2
2110 2
2136 2
2184 1
2267 2
2272 3
2295 3
2303 1
2329 1
2383 1
2388 2
2389 2
2416 2
2421 1
2429 1
2431 2
2436 2
2442 2
2444 1
2453 1
2468 2
2516 1
2525 1
2578 1
2604 1
2626 1
2630 1
2634 2
2667 1
2686 2
2720 2
2730 1
2754 1
2778 2
2792 2
2822 2
2837 2
2878 1
3004 1
283 2
427 1
507 2
542 1
814 1
824 2
988 1
1068 1
1079 2
1095 2
1107 2
1183 1
1380 2
1395 2
1421 1
1440 2
1523 1
1594 1
1603 2
1625 2
1629 2
1723 1
1726 1
1746 2
1843 2
1870 1
1871 1
1876 1
1910 2
1960 1
2020 1
2057 2
2083 1
2095 1
2106 2
2139 2
2227 2
2240 1
2242 1
2246 1
2256 2
2273 2
2299 1
2455 2
2457 2
2517 1
2560 1
2568 1
2595 1
2600 1
2635 2
2645 1
2652 2
2675 1
2684 2
2693 1
2782 1
2800 1
2900 1
2906 2
2975 2
2983 1
679 1
736 1
858 1
874 2
949 2
953 1
1015 2
1030 1
1036 1
1154 2
1177 2
1237 1
1243 2
1310 2
1314 2
1359 1
1375 1
1423 2
1429 1
1459 2
1476 2
1511 1
1515 1
1564 2
1565 5
1572 1
1579 1
1585 1
1649 2
1662 2
1667 1
1672 2
1685 1
1688 1
1694 2
1711 2
1712 5
1724 1
1768 1
1877 2
1888 1
2054 1
2060 1
2061 2
2105 2
2108 2
2115 2
2118 2
2153 2
2155 2
2208 1
2211 1
2236 1
2239 1
2283 1
2316 2
2325 2
2328 2
2355 1
2393 2
2407 1
2430 1
2503 1
2508 2
2533 2
2587 2
2591 2
2661 1
2701 2
2743 1
2749 2
2759 2
2795 2
2812 1
2834 1
2857 1
2863 1
2865 1
2880 4
2942 2
2952 1
3014 2
33 2
59 1
141 2
180 2
190 2
484 1
743 3
744 1
808 2
830 1
833 2
873 2
979 2
986 1
1151 1
1184 1
1271 1
1289 1
1350 1
1356 1
1398 2
1472 1
1478 1
1483 1
1493 1
1518 1
1600 1
1623 1
1639 1
1701 2
1783 1
1803 2
1819 1
1828 2
1864 2
1944 2
1973 2
1974 1
1991 1
2074 2
2089 2
2091 1
2114 1
2117 1
2119 2
2198 1
2202 1
2215 1
2222 1
2274 1
2281 2
2293 1
2308 1
2317 2
2326 1
2327 1
2342 2
2364 1
2374 1
2384 1
2392 1
2469 1
2478 2
2526 2
2527 2
2539 1
2548 1
2592 1
2615 2
2624 1
2640 2
2646 2
2660 1
2664 1
2683 2
2700 1
2721 1
2723 1
2734 2
2777 1
2783 2
2787 2
2802 2
2813 2
2830 1
2836 1
2868 2
2875 2
2888 2
2889 1
2892 1
2901 1
2905 3
2913 1
2925 1
2944 1
2948 1
2949 1
2979 1
3015 2
3023 2
196 1
197 1
222 2
665 1
795 2
796 1
807 1
841 1
859 1
925 1
951 2
968 1
1072 1
1262 2
1338 2
1389 1
1426 2
1448 1
1456 2
1494 1
1534 2
1537 1
1551 2
1605 2
1642 1
1654 3
1717 1
1730 1
1770 1
1810 1
1829 2
1845 2
1921 1
1948 1
1955 1
2045 1
2056 1
2098 2
2104 2
2146 1
2150 2
2156 1
2169 1
2216 1
2228 2
2232 1
2282 1
2290 1
2297 1
2334 1
2344 2
2349 3
2350 1
2357 2
2408 2
2415 2
2418 1
2432 2
2441 1
2451 1
2474 2
2488 1
2562 1
2572 1
2576 1
2619 2
2622 2
2681 1
2718 2
2719 1
2728 2
2755 2
2807 2
2809 2
2820 1
2824 2
2840 2
2858 2
2859 2
2914 3
2927 1
2936 1
2947 1
2977 1
2978 1
2981 1
2986 1
2994 1
3005 1
146 1
323 1
348 2
501 1
567 1
664 1
711 1
750 1
901 2
906 2
911 2
973 1
989 2
1050 1
1070 1
1120 1
1182 1
1209 1
1245 1
1253 1
1302 2
1330 1
1373 1
1396 2
1480 1
1484 1
1507 1
1526 1
1532 2
1535 1
1541 1
1552 1
1559 1
1632 1
1643 2
1678 1
1744 1
1774 1
1795 1
1799 2
1848 2
1878 1
1897 1
1901 1
1913 2
1987 2
1988 2
1992 2
2005 1
2017 1
2033 2
2082 1
2125 1
2130 1
2143 1
2148 1
2192 2
2206 1
2223 2
2224 1
2280 1
2294 1
2300 1
2304 1
2323 1
2324 2
2339 2
2348 1
2369 1
2385 1
2399 1
2447 1
2460 1
2495 1
2500 2
2510 2
2515 2
2555 1
2564 2
2571 2
2588 1
2597 1
2658 1
2672 1
2687 2
2714 1
2716 1
2725 1
2735 1
2739 2
2786 1
2791 2
2814 1
2831 1
2838 2
2844 2
2845 1
2849 1
2851 2
2866 1
2877 1
2894 1
2898 1
2909 1
2910 2
2920 1
2924 1
2928 1
2933 1
2937 2
2951 1
2967 1
2976 1
2984 1
2995 2
3007 1
866 1
936 2
1062 1
1085 1
1190 1
1203 1
1222 2
1229 2
1246 1
1461 1
1557 1
1657 2
1676 1
1714 1
1728 1
1747 2
1761 1
1776 1
1816 1
1817 1
1846 1
1867 1
1890 1
1940 1
1950 1
2021 1
2035 1
2070 1
2071 2
2086 1
2127 2
2138 1
2178 1
2187 1
2220 1
2249 1
2250 2
2254 2
2265 1
2271 1
2287 1
2288 2
2292 1
2311 1
2337 1
2347 1
2368 1
2370 1
2373 1
2379 1
2425 1
2426 2
2428 1
2458 1
2462 1
2485 1
2491 1
2505 2
2535 1
2545 2
2549 1
2580 1
2585 2
2616 1
2618 2
2621 1
2625 1
2629 1
2641 1
2651 1
2669 2
2673 1
2674 3
2699 2
2707 1
2724 2
2753 1
2757 1
2758 2
2766 1
2770 1
2774 1
2796 1
2806 1
2811 1
2825 1
2833 1
2853 2
2854 1
2861 2
2864 2
2867 1
2876 2
2882 2
2883 2
2885 1
2893 1
2903 1
2907 2
2911 1
2917 1
2958 1
2965 1
2988 1
2993 1
2999 1
3006 1
353 1
529 2
539 1
627 1
640 2
688 2
767 1
773 1
1013 2
1086 1
1129 1
1134 1
1188 2
1197 1
1366 2
1369 2
1374 2
1385 1
1394 1
1491 2
1706 1
1729 1
1760 1
1794 2
1808 1
1812 2
1854 2
1893 1
1902 1
1935 1
1958 2
2029 1
2032 2
2048 1
2068 1
2145 2
2151 1
2163 1
2175 1
2176 1
2195 1
2233 1
2277 1
2284 1
2312 1
2331 1
2336 1
2353 1
2359 2
2363 1
2365 1
2372 1
2402 1
2414 1
2440 2
2443 1
2479 1
2507 1
2540 2
2554 1
2556 2
2579 1
2582 2
2590 1
2596 1
2606 1
2631 1
2638 1
2657 1
2691 1
2692 1
2694 1
2697 1
2710 1
2711 2
2713 1
2715 1
2736 2
2751 1
2756 1
2762 1
2765 2
2768 1
2773 2
2785 1
2801 2
2803 2
2810 1
2815 1
2823 1
2827 1
2855 2
2895 1
2912 1
2923 1
2926 1
2929 1
2943 1
2961 1
2962 1
2964 1
2966 2
2968 1
2971 2
2987 1
2990 1
2991 1
3000 1
3009 1
3025 1
3029 2
165 2
262 2
326 2
1080 2
1745 2
1818 2
1833 1
1953 1
1968 2
1978 2
2077 1
2078 1
2159 2
2170 2
2218 1
2241 1
2245 1
2255 1
2259 1
2270 1
2298 1
2307 1
2310 1
2333 1
2343 1
2345 1
2358 2
2367 1
2375 2
2396 1
2409 1
2410 1
2422 2
2433 1
2449 2
2450 1
2498 1
2501 1
2502 2
2530 2
2534 2
2543 2
2546 2
2550 1
2552 2
2583 1
2602 1
2648 1
2705 1
2722 1
2745 2
2752 2
2760 1
2767 1
2769 1
2775 1
2776 1
2780 1
2781 2
2794 1
2808 1
2817 1
2818 1
2821 1
2828 1
2841 1
2847 1
2872 1
2874 1
2887 1
2897 1
2899 1
2918 1
2922 1
2935 2
2941 1
2945 2
2946 1
2955 1
2956 2
2957 1
2959 1
2969 1
2974 1
2980 2
2982 1
2985 1
2989 1
2992 1
2996 2
2998 2
3001 1
3008 1
3011 1
3012 1
3013 1
3017 1
3020 1
3021 1
3022 1
3024 1
3026 1
3027 1
3028 1
1275 2
2252 2
2269 2
2320 2
2512 2
2594 2
2843 2
3010 2
