1 2
3 4 5 6 7 8 9 10 11 12 13 14 15 16 17
18 19 20 21 3 4 5 6 22 23 24 25 26 27 28 29 30 31 32
18 19 20 21 24 25 26 27 28 29 30 31 32
18 19 20 21 33 34 35 36 37
18 19 20 21 3 4 5 6 12 13 14 15 29 33 34 30 35 31
38 39
40 41 42 43
44 45 46 47
48 49 50
51 52 53 54 55
56 57 58
59 60
61 62 63 64 65 66 67 68 69 70 71 72
73 74
48 75 76 77
78 79
80 81
64 82 83 84
85 86
87 88 89
90 91 3 4 5 6 92 93 94 95 96 12 13 14 15 97 98
99 100
101 102 59 60
103 104
105 106 107
90 91 3 4 5 6 108 109 110 92 93 94 9 111 22 23 112 113 114 115
116 117 92 93 94 95 96 118 119 120 121 122
123 124
125 126 48 127 128 129 130 131
125 126 132 133
134 135 136 137
101 102 138 139
140 141 142 143
144 145
75 76
146 147
148 149 150
44 53 45 46 47 83 151
152 153 154 155
156 157 158
159 160
161 162 163 164 165 166 167 168 169
90 91 18 19 21 3 4 5 6 92 93 94 95 96 12 13 14 15 32 97 98
170 171 172
173 174 175 176
177
58 178 179
180 181
182 183
184 185 186 187 188 189
190 191 192
18 19 20 21 3 4 5 6 12 13 14 15 29 33 34 30 31 36 37
18 19 20 21 29 33 34 30 36 37
193 194
195 196 197 198 199
18 19 21 7 8 9 10 11 29 33 34 30 200
90 91 92 93 94 95 96 7 8 9 10 11 201 202
108 92 93 94 95 96 112 113 114 115
56 101 102 203 204 205
206 207
90 91 108 92 93 94 95 96 7 8 9 10 11 97 98 112 113 114 115
90 91 3 4 5 6 108 109 110 92 93 94 95 96 9 111 22 23 97 98 112 113 114 115
208 209
210 211 212 213
67 55 150
214 215
18 19 21 29 33 34 30 35 31 200
216 217
218 219 220 221
90 222
223 224
225
226 227 13 228 229
18 19 20 21 230 231 32 36 37
19 232 233 234
8 190 191 192
235
55
236 237
18 19 20 21 24 25 26 29 33 34 30 31 36 37
18 19 20 21 3 4 5 6 29 30 31
236 237 238 239
240 241
242
18 19 20 21 3 4 5 6 22 23 27 28 36 37
18 19 20 21 3 4 5 6 243 22 23 24 25 26 29 33 34 30 200
18 19 21 3 4 5 6 12 13 14 15 29 33 34 30 200 32
18 19 20 21 29 30 31 32
18 19 20 21 244 245 246 247 248 249 250 251 252 253 254
44 182 183 45 46 47
203 204 205
255 256
257 258 259 44
260 261 262 263
40 264 265 266
267 268
269 270 271 272 273
48 127 128 274 275
18 19 20 21 29 33 34 30 31 36 37
276 18 19 20 277 21 188 189 278 279 1 2 280
90 91 3 4 5 6 92 93 94 95 96 12 13 14 15 281 282
101 102 90 222
283 284 285
286 287
148 149 288
289 290
180 181 173 174 175 176
186 291
205 214 215 292
101 102 188 189 278 279 1 2 293 294
295 296
211 297 298
299 300
18 19 20 21 27 28 29 30 31
58 51 61 62 63 82 301
18 19 21 92 93 94 29 33 34 30
58 64 65 134 44
184 185 188 189
302 303
163 164 165 166 167 168 169
304 305
90 91 109 110 92 93 94 9 111
18 19 21 3 4 5 6 12 13 14 15 29 33 34 30 200
18 19 20 21 188 189 7 8 9 10 11 278 279 1 2 33 34 230 231 306
18 19 20 21 29 30 31 307 308 309 310 311 312 313
314 315
316 317
307 308 309 310 311 312 313
18 19 20 21 29 33 34 30 31 200
18 19 20 21 29 33 34 30 230 231 200 318 319
18 19 20 21 27 28 29 33 34 30 35 31
58 320 321
184 322 323
205 324 325
146 326 327 328
210 211 212 213 329 330 331
18 19 20 21 27 28 36 37
18 19 20 21 24 25 26 29 30 31
18 19 21 173 174 175 176 27 28 29 33 34 30 35 332 200 333 334 32
18 19 20 21 7 8 9 10 11 230 231
18 19 20 21 335 336 109 110 29 30 31
18 19 20 21 29 33 34 30 35 36 37
18 19 20 21 108 29 30 31 112 113 114 115
18 19 20 21 108 33 34 230 231 112 113 114 115 36 37
90 91 3 4 5 6 335 336 109 110 92 93 94 95 96 12 13 14 15 337 338 339
90 91 92 93 94 95 96 7 8 9 10 11
188 189 340 341 342 343
344 345 346 347 348
226 3 4 5 6 12 227 13 14 15 228 229
349 350 351 352
353 354
92 93 94 154 155
355 356
51 134 82 357 358
18 19 277 21 280
188 189 278 279 1 2
329 330 331 359 68
56 203 204 205
360 52 188 189
101 102 361 362
363 364
18 19 21 230 231
18 19 20 21 3 4 5 6 22 23 29 33 34 30 35 31
365 366 182 183
367 368 201 202
283 369
370
18 19 20 277 21 280
173 174 175 176 371 372
373 374
375 376
156 158
377 378 379 380 381
382 383 188 189 278 279 1 2
384 385 386 387
388 389
186 291 188 189
177 390 391 101 102 18 19 20 277 21 243 392 393 394 395 29 30 280 31
396 397 398
18 19 20 21 3 4 5 6 29 33 34 30 200 36 37
18 19 20 21 188 189 24 25 26 278 279 1 2 29 30 31 32
48 127 128
399 400
90 91 92 93 94 95 96
116 117
401 402 403 404 405
406 407
408 409
58 316 317 82
58 410 411
119 412 413
377 378 379 414 415 380 381
416 51 63 211 297 298
416 51 61 62 63 211 297 298 417
56 57 58 340 341 342 343
257 418 419 420 180 181 421 422 173 174 175 176
18 19 20 21 29 246 247 248 249 250 251 252 253
188 189
418 419 420 186 291
18 19 20 21 423 232 424 425
257 418 419 420 186 421 422 291
426 103
16 17
427 428
18 19 21 29 33 34 30 31
18 19 20 21 29 33 30 35
18 19 21 29 33 34 30 318
18 19 20 21 29 33 34 30 31
103 104 429
430 431
432 433 434 435 436
134 437
360 52 53
438 75 76
18 19 21 33 34 319
439 440 441 442 443
134 18 19 21 437 29 33 34 30 35
90 91 3 4 5 6 92 93 94 95 96 337 338 339
18 19 21 249 250
444 445
446 447 448
18 19 20 21 245 246 247 248 254
18 19 21 108 29 33 34 30 32 112 113 114 115
449
18 19 20 21 3 4 5 6 7 8 9 10 11 22 23 29 33 34 30 31 306 32
18 19 20 21 29 30 31 230 231
450 451
283 284
116 452
453 454
455 456 457 458
459 460 152 153
226 3 4 5 6 7 8 9 10 11 12 22 23 227 13 14 15 228 229
461 462
463 464
269 53 357 358 151 465
257 418 419 420 421 422 173 174 175 176 370 466
467 468
469 470 471 472
469 470 471 472 473 474
475 476 477 478
479 480
481 482 48 127 128 483
51 61 62 134 135 136
484 485 486
487 488
439 440 441 489 490
491 492 228 493
337 338 339
469 470 473 474 494
396 211 495 496
18 19 20 21 244 245
242 497
335 336 109 110
58 134 44 129 150 130 131
109 110
498 499 500
501 502
276 18 19 20 277 21 280
186 180 181 173 174 175 176 291
40 41 503 504
18 19 20 21 29 33 34 30 31 306 32
18 19 20 21 29 30 31 36 37
18 19 20 21 505 27 28 29 30 31
18 19 20 21 108 29 33 34 30 35 31 306 112 113 114 115
18 19 20 21 29 33 34 30 35 31 200 36 37
129 130 131 483
134 316 317 67 506
90 91 92 93 94 281 282 97 98
90 91 108 109 110 92 93 94 95 96 9 111 281 282 97 98 112 113 114 115
90 91 3 4 5 6 92 93 94 95 96 12 13 14 15
507 508
51 63 134 509 510 375 376
161 162 165 166 167 168 169
18 19 21 29 33 34 30 35 31
18 19 21 29 33 34 30 306
511 512 513
51 64 65
320 321
514
479 515 516 480 274
48 127 128 49 50
517 518
56 58 51 134 83 519
18 19 20 21 24 25 26 29 33 34 30 35 31
58 44 520 521
269 522
322 523
152 153
524 525 152 153
184 323
27 28
134 138 139 150 83
469 470 473 474
526 527 528
335 336 109 110 95 96
475 476
529 530
101 102 365 366
142 143
371 372
531 532 533 534
535 536 537
46 538
539
540 541
18 19 21 33 34 542 543
18 19 21 33 34 543 544
18 19 20 21 3 4 5 6 188 189 278 279 1 2 29 30 31
18 19 20 21 188 189 278 279 1 2 29 30 31
18 19 21 188 189 278 279 1 2 29 33 34 30 35
18 19 20 21 188 189 278 279 1 2 36 37
3 4 5 6
477 478
58 51 61 62 63 316 317 82 301
545 546
547
548 549 83
257 418 419 420 421 422
344 347 550
551 552
365 366
90 91 92 93 94 95 96 97 98
51 134 138 139
553 554
555
556 557
558 559
156 560
561 562
175 176
186 187 188 189
226 563 492
564 565
566 491
210 211 212
567
6 568 569 570
571 53
572 573 574
575 576
247 577 578 579
257 418 419 420 421 422 370 466
257 418 419 420 186 421 422 291 370 466
257 258 259 51 134 137 580
40 41 581 582
18 19 20 21 188 189 278 279 1 2 29 33 34 30 35 31
18 19 20 21 27 28 29 30 31 32
18 19 20 21 243 29 30 31
583 584
585 586
587 588 589
101 102 152 153 59 60
64 590
64 82 591
226 592 593 594
357 358
101 102 571 53
64 65 134
48 6 595
48 274 275 77
596 597 598
54 55 505
58 51 61 63 134 316 317 82 301 66 359 68 599 70 600
51 601 602
58 51 63 134 316 317 82 301 66 359 68 599 70 600
51 134 82 481 482 129 603
604 605
40 41 606 607
243
608 609
109 110 9 111
211 212 213
610 611 612
90 91 92 93 94 97 98
18 19 20 21 24 25 26 29 30
613 439 440 441 614 615
394 395
495
616
105 174 617
269 357 358 465
186 187
257 418 419 420 186 180 181 421 422 173 174 175 176 291
126 48 483 77 618
67 105 55 150 106 107
524 525 619 152 153
620 621
7 8 9 10 11
622 623
418 419 420 624
146 326 327 328 625 626
627 628
629 630
360 52 274 275
293 294
631 632
432 433 434 633
3 4 5 6 7 8 9 10 11 12 22 23 13 14 15 16 17 430 431
505 27 28
634 635
636 637
638 639 640
356 641 642
3 4 5 6 22 23
48 77
643 644 645
418 419 420
646 647
648 649
650 651
652 653
90 91
26 654 655
656 243
656 46 243
418 419 420 657 658 659
660 661 479 480
592 593 594
662 663
90 91 92 93 94 201 202
664 665 666
134 316 317 667 668 82 44
63 64 82 67 591 599
669 670 671
140 141 129 130 131
129 130 131
211 672 673 674 675
676 365 366
19 232 233 677 678
90 91 3 4 5 6 92 93 94 95 96 7 8 9 10 11 12 13 14 15 97 98
90 91 109 110 92 93 94 95 96 9 111
679 680 40 41
681 682 683
684 685
686 687 27 28
688 689
140 141 281 282
690 691
481 482 129 130 131 483
345 346
58 51 61 62 63 134 316 317 667 668 82 44 301
692 693
18 19 20 21 3 4 5 6 12 22 23 13 14 15 29 33 34 30 31 201 202
18 19 20 277 21 280 245 423 232 424 425 230 231 251 252 253 254
694 344 345 346
211 672 675
335 336
695 696 40 41
697 698
18 19 20 21 109 110 9 111 29 30 31
18 19 21 33 34
699 700
165 166 167 168 169
67
694 344
3 6 12
171
361 362
682 401 701
683
702 669
695 696
703 704
134 509 510 66 67
705 363
706 707
63 533 534
51 64 65 47
708 709 710
486 711
712
161 162
161 162 713 714
481 482 483
51 134 138 139 137
715 716
392 393
90 91 335 336 109 110 92 93 94 95 96 7 8 9 10 11
18 19 20 21 425 717 718
18 19 21 29 33 34 30 35
18 19 21 29 33 34 30 719
359 720 721
722 723
269 270 271
724
725 726
211 672 673
418 419 420 188 189
101 102 18 19 21 32
278 279
18 19 20 21 245 254
18 19 20 21 245 253 254
140 141
211 727 672 728
729 730
90 91 108 92 93 94 95 96 7 8 9 10 11 281 282 97 98 112 113 114 115
257 258 259
396 731
382 732
712 733
439 440 441 734 735 736 737 738 739
262 263
481 482
18 19 20 21 740 741 27 28 29 30 31
18 19 20 21 188 189 278 279 1 2 230 231
177 390 391 392 393
18 19 21 505 32
51 82 742 743
439 440 744 745 746
18 19 20 21 747 748
340 341 342 343
260 261 163 164 165 166 167 168 169
18 19 20 21 3 4 5 6 12 13 14 15 29 30 31
18 19 21 173 174 175 176 27 28 29 33 34 30 35 332 200 333 334 543 544 32
749 750
382 383
18 19 20 21 751 752
753 754
439 440 441 755 756
439 440 441 734 735 736 737 738 739 757 758
759 760
439 440 441 757 758
761 367
416 51 61 62 63
101 102
19 247 762 763 764 765
766 767
276 18 19 20 277 21 280 245 423 232 424 425 717 230 231 251 252 253 254
613 439 440 441 614
439 440 744 768 769 770 771
439 440 441 772 773
774 775
3 4 5 6 12 22 23
724 182 183
439 440 441 776 777 778
18 19 20 21 230 231 751 752
66 67 55 505 68 599 70
676 363 364
779
780 781
498 782
134 210 211 212 213 150 83 329 330 331 359 68
783 784
101 102 785 361 362
101 102 103 104
786 787
226 227 13 228 229 788
257 422
3 4 5 6 108 92 93 94 95 96 112 113 114 115
90 91 92 93 94 95 96 337 338 339 201 202
92 93 94 95 96 281 282
18 19 20 21 3 4 5 6 22 23 29 30 31
226 228 229 789 790
138 139 150
3 4 5 6 7 8 9 10 11 12 22 23 13 14 15
56 188 189 203 204 205 278 279 1 2
188 189 203 204 205 278 279 1 2
105 173 174 791 792 106
3 6 12 227
377 378 379
439 440 441 793 794
439 440 795 796 797 798
799 800 367 108 368 112 113 114 115
370 466
801 802 803 804
40 41 805 806
48 127 128 774 775
807 808
18 19 20 21 245 423 232 424 425 230 231 251 252 253 254
809
810 811
812 813
126 483 618
814 815
109 110 92 93 94 9 111
686 687
816 817
18 19 20 21 245 251 252 253 254
276 18 19 20 277 21 280 423 232 424 425 717
276 18 19 20 277 21 280 245 251 252 253 254
18 19 20 21 245 230 231 251 252 253 254
276 18 19 20 277 21 280 423 232 424 425 230 231 251 252 253
101 102 724 365 366 182 183
90 91 3 4 5 6 335 336 109 110 92 93 94 95 96 7 8 9 10 11 12 13 14 15
134 316 317
125 126 48 127 128
125 126
818 785
8 190 192
276 18 19 20 277 21 245 254
276 18 19 20 277 21 280 423 232 424 425 717 230 231
18 19 20 21 245 423 232 424 425 717 230 231 251 252 253 254
819 820
481 482 129 130 131
161 162 262 263
276 18 19 20 277 21 245 230 231 251 252 253 254
276 18 19 20 277 21 280 423 232 424 425 717 249 250 230 231
211 728
281 282
163
129 603
276 18 19 20 277 21 280 245 230 231 251 252 253 254
3 4 5 6 686 687
18 19 20 21 425 717 230 231
276 18 19 20 277 21 280 425 717 230 231
18 19 20 277 21 280 245 423 232 424 425 717 230 231 254
276 18 19 20 277 21 280 254
469 470 473 474 108 821
90 91 92 93 94 95 96 281 282 97 98
205 292
18 19 20 21 761 367 108 505 29 33 34 30 31 32 112 113 114 115
58 51 64 65 134 218 822 823
824 825
276 18 19 20 277 21 280 245 423 232 424 425 717 249 250 251 252 253 254
276 18 19 20 277 21 280 425 717 230 231 251 252 253
276 18 19 20 277 21 280 245 425 717 249 250 230 231 254
18 19 20 277 21 280 230 231
276 18 19 20 277 21 280 245 423 232 424 425 249 250 230 231 254
18 19 20 277 21 280 423 232 424 425 230 231 251 252 253
276 18 19 20 277 21 280 245 423 232 424 425 717 249 250 230 231 251 252 253 254
18 19 20 21 423 232 424 425 717 249 250 230 231
18 19 20 277 21 280 423 232 424 425 717 230 231
276 18 19 20 277 21 280 245 425 717 230 231 254
826 827
18 19 21 33 34 35
439 440 441 828 829
276 18 19 20 277 21 280 251 252 253
276 18 19 20 277 21 280 230 231
276 18 19 20 277 21 280 423 232 424 425 251 252 253
276 18 19 20 277 21 280 423 232 424 425 249 250 251 252 253
276 18 19 20 277 21 280 245 423 232 424 425 230 231 254
276 18 19 20 277 21 280 245 423 232 424 425 717 251 252 253 254
24 25 26
163 830 164
831 832 833
18 19 20 21 425 834 835
276 18 19 20 277 21 280 245 423 232 424 425 717 249 250 230 231 254
276 18 19 20 277 21 280 245 423 232 424 425 249 250 230 231 251 252 253 254
836 837
64 65
276 18 19 20 277 21 230 231 251 252 253
18 19 20 21 423 232 424 425 717 230 231
481 482 48 127 128
838 839
154 155
840 450
61 63 667 349 350 351 352 841 842 843 844 845 846
847 848
847 849
522 850 195 196 197
851 852
853 854
58 51 855 856
247 763 764 857 858
51
90 91 3 4 5 6 92 93 94 12 13 14 15 281 282 449
66 54 55 359 68 599 69 70 859
97 98
90 91 92 93 94 95 96 7 8 9 10 11 201 202 97 98
276 18 19 20 277 21 280 245 423 232 424 425 254
18 19 21 33 34 332
860 861
18 19 21 33 34 231
18 19 20 21 29 33 34 30 35 31
18 19 21 33 34 30 31
18 19 20 277 21 33 34 280 306
862 863
864 865
367 368
866 432 867
439 440 441 868 869
524 525
870 871
872 873
518 874 875
740 741
866 876 877 878 432
879 880 881 882 883
884 885
211 886
24 25 26 501 502
439 440 441 734 735 736 737
432 434 887 435 436
177 390 391 469 470 471 472
226 3 4 5 6 227 13 228 229
188 189 405 278 279 888
18 19 20 21 425 717
889 890
891 892
316 317 82
276 18 19 20 277 21 280 245 425 717 254
18 19 20 21 423 232 424 425 230 231
276 18 19 20 277 21 280 425 717 251 252 253
90 91 92 93 94 95 96 7 8 9 10 11 97 98
3 4 5 6 7 8 9 10 11 12 13 14 15
276 18 19 20 277 21 280 423 232 424 425
54
893 894
18 19 20 21 29 30 31
531 532
18 19 21 226 108 227 13 27 28 228 229 32 112 113 114 115
56 18 19 21 3 4 5 6 108 7 8 9 10 11 203 204 205 32 112 113 114 115
276 18 19 20 277 21 280 230 231 251 252 253
895 896
3 4 5 6 12 22 23 13 14 15
18 19 20 21 30 897
186 291 345 346
418 419 420 148 149 150
48 127 128 18 19 20 21 49 50 774 775 36 37
276 18 19 20 277 21 280 425 717 249 250 230 231
18 19 20 21 245 425 717 230 231 251 252 253 254
898 899
276 18 19 20 277 21 280 423 232 424 425 249 250 230 231 251 252 253
276 18 19 20 277 21 280 230
18 19 20 21 245 423 232 424 425 717 230 231 254
90 91 335 336 109 110 92 93 94 95 96 201 202
18 19 20 21 249 250
900 901 902 903
414 415
90 91 18 19 21 108 92 93 94 95 96 281 282 32 97 98 112 113 114 115
184 322 459 460 323
904 905
148 149
676
906
907 908 909
18 19 20 21 3 4 5 6 29 30
108 112 113 114 115
602 910
911 912 913
18 19 20 21 29 30
276 18 19 20 277 21 280 249 250 230 231 251 252 253
18 19 20 21 245 423 232 424 425 717 249 250 230 231 254
184 185 152 153
914 915
3 4 5 6 293 294
18 19 20 21 36 37
18 19 21 505 1 2 32
18 19 21 575 576 33 34 332
18 19 20 277 21 280 423 232 424 425
51 64 65 519
916 513 917 918
401 402 403 404 405 345 346
58 51 82 47 919
226 188 189 227 13 278 279 1 2 228 229 293 294
920 921 340 341 342 343
551 552 920 921
418 419 420 624 551 552
18 19 20 21 246 247 248
99 100 631 632
922 923
18 19 20 21 245 423 232 424 425 249 250 230 231 254
18 19 20 277 21 280 423 232 424 425 230 231
18 19 20 21 423 232 424 425 249 250 230 231 251 252 253
18 19 20 21 245 423 232 424 425 717 249 250 230 231 251 252 253 254
276 18 19 20 277 21 280 423 232 424 425 717 249 250 230 231 251 252 253
729 730 152 153 924 925 926
3 4 5 6 7 8 9 10 11 22 23
439 440 927 744 928 929 930 931 932 768 769 770 771
276 18 19 20 277 21
18 19 20 21 230 231
933 934
681 682
935 401
101 102 211 672 673 674 675
272 273
18 19 20 277 21 280 245 254
18 19 20 277 21 280 245 251 252 253 254
18 19 20 277 21 280 251 252 253
936
729 730 235
101 102 634 635
439 440 744 443 937
702 669 469 470 471 472
58 682 401 701
938 939
18 19 20 21 423 232 424 425 717
235 920 921
177 390 391 101 102 392 393 394 395
940 941
942 943
944 945 946
2 947
190 191 192 948 949 950 951
63 870 871
51 63 580 952
161 162 690 691
90 91 3 4 5 6 92 93 94 95 96 22 23
90 91 3 4 5 6 109 110 92 93 94 9 111 22 23
433 434 953 954
94 955 956 957
958 959
94 960 961
269 522 92 93 94
962 963
964
729 730 418 419 420 186 187 291
439 440 441 443 965
418 419 420 624 203 204 205
92 93 94 95 96 7 8 9 10 11
799 800
966 967
968 969
82 970 971
90 91 108 92 93 94 95 96 112 113 114 115
439 440 744 972 973
396 731 211 728 974 975
18 19 21 33 34 230 231
92 93 94 201 202
90 91 108 92 93 94 95 96 7 8 9 10 11 281 282 201 202 97 98 112 113 114 115
976 977
863 978
979 980
981 146
473 474
101 102 7 8 9 10 11
92 93 94 95 96 281 282 97 98
345 346 982
619
983 984
418 419 420 812 813
985 986 105 987 205 324 325
56 18 19 21 92 93 94 203 204 205 32 608 609
184 185
274 275
439 440 744 777 988
94 989 990
991 992
101 102 184 185
54 55
51 64 82 47 590 993 994
703 995
56 203 204 205 340 341 342 343
58 51 63 509 510
56 58 51 82
638 639 996 997
650 998 651 382 732
226 3 4 5 6 94 227 999 1000 13 228 229 1001 1002
108 92 93 94 95 96 281 282 112 113 114 115
92 93 94 281 282
108 92 93 94 95 96 281 282 201 202 112 113 114 115
92 93 94
51 134 82 44 66 83 359 68 69 70 1003 1004
1005 1006
18 19 21 109 110 92 93 94 9 111 29 33 34 30 35
18 19 20 21 3 4 5 6 7 8 9 10 11 12 22 23 13 14 15 747 748 16 17
3 4 5 6 568 569 570
26 1007
18 19 20 21 245 423 232 424 425 254
276 18 19 20 277 21 245 423 232 424 425 251 252 253 254
276 18 19 20 277 21 280 425 717
276 18 19 20 277 21 280 423 232 424 425 717 251 252 253
18 19 20 277 21 280 245 423 232 424 425 230 231 254
276 18 19 20 277 21 280 245 425 717 230 231 251 252 253 254
274 275 152 153
101 102 272 273
148 149 3 4 5 6 150
56 18 19 21 203 204 205 32
56 418 419 420 624 203 204 205
879 880 881
655 1008
1009 1010
1011 1012
434 1013 1014 1015
90 91 109 110 92 93 94 95 96 9 111 281 282 97 98
524 525 152 153 622 623
18 19 21 29 33 34 30
90 91 92 93 94 95 96 201 202 97 98
3 4 5 6 7 8 9 10 11 604 605
862 1016
18 19 20 21 3 4 5 6 188 189 24 25 26 278 279 1 2 29 33 34 30 31
46 94 999 1000 538
257 418 419 420 148 149 421 422 150
729 730 418 419 420 421 54 55 438 1017
257 418 419 420 186 421 422 173 174 175 176 291
64 591
1018 1019
18 19 20 21 245 247 248 252 254 1020
90 91 281 282
67 150 83 859 408 409
1021 1022 1023 1024
879 881 1025
90 91 92 93 94 95 96 201 202
58 729 730
64 359 84
997 1026 1027
396 731 518 874 875
18 19 20 21 423 232 424 425 717 230 231 251 252 253
276 18 19 20 277 21 280 245 249 250 230 231 251 252 253 254
1028 1029 1030
1031 1032
561 562 47 1033
210 211 212 213 561 562 47 1033
186 173 174 175 176 291
397 1034 1035
863 1036
90 91 92 93 94 95 96 337 338 339
90 91 108 109 110 92 93 94 95 96 9 111 97 98 112 113 114 115
606 607
439 440 927 744 928 929 930 931 932
3 4 5 6 12 13 14 15
1037 1038
344 347 348
979 1039
449 1040 916 1041 1042 1043
1044 1045 1046
101 102 272 273 1047 1048 1049
56 203 204 205 324 325
201 202
418 419 420 421
367 335 336 109 110 368 201 202
185
1050 1051
18 19 20 21 33 34 230 231
51 161 162 262 263
785
40 41 692 693 265 266 1052
396 731 211 728
1053 1054
1001 1002
3 4 5 6 12 22 23 13 14 15 16 17
170 1055 1056 1057
51 134 82 83 1003 1004
152 153 59 60
703 18 19 20 21 7 8 9 10 11 36 37 995
173 174
186 187 283 369
184 185 551 552 340 341 342 343
656
211 727 672
639 997 1058
1059 1060
58 51 61 62 63 210 211 212 213 82 301 561 562 66
1061 1062
1063
1064 1065
789 790
847 1066
810
1067 1068
44 67 824 825 519
920 921
1069 1070
184 185 186 187
186 291 920 921
134 150 83 329 330 331 359 68
438 1017
660 661
260 261 161 162
51 134 82 129 603
90 91 108 92 93 94 95 96 281 282 97 98 112 113 114 115
18 19 21 92 93 94 7 8 9 10 11 29 33 34 30 35
276 18 19 20 277 21 280 245 423 232 424 425 251 252 253 254
276 18 19 20 277 21 280 245 251 252 253 1071 1072 254
681
56 275 1073
48 127 128 75 76
6 568 569
101 102 365 366 182 183
1074 1075
1076 1077 1078
691 1079
274 275 188 189
547 243
418 419 420 421 1080 1081 1082
1080 1081 1082
439 440 744 1083 1084 1085 1086 1087
1088 1089
1090 1091
95 96
90 91 92 93 94 7 8 9 10 11
118 119 120 121 122
656 1092 1093
985 986 105 987
51 134 80 81
473 474 108 821
125 126 274 275
326 327
40 41 99 100 265 266
863
90 91 3 4 5 6 109 110 92 93 94 95 96 9 111 22 23
650 998 651
1094 1095
138 139
94 999 1000
469 470 494
455 456
455 456 1096 1097 457 1098
18 19 21 33 34 334
367 3 4 5 6 92 93 94 95 96 12 13 14 15 368 97 98
1099 1100
184 185 186 291
713 714 163 164 165 166 167 168 169
1101 1102
1103 1104
713 714
564 1105
432 433 434 1106
359 399 400 720 721
1107 1108
90 91 3 4 5 6 92 93 94 95 96 7 8 9 10 11 12 13 14 15
329 330 331
1109 1110
377 378 379 414 415
90 91 3 4 5 6 92 93 94 95 96 7 8 9 10 11 12 13 14 15 201 202
90 91 3 4 5 6 92 93 94 7 8 9 10 11 12 13 14 15 337 338 339
672 448 1111 1112
90 91 335 336 109 110 92 93 94 95 96
1113 1114
1115 1116
564
51 134 1117 1118
418 419 420 186 187
92 93 94 95 96
90 91 3 4 5 6 92 93 94 12 13 14 15 97 98
18 19 21 205 324 325 32
260 261
64 65 83
855 856
18 19 20 21 245 246 247 248 253 254
1119 1120
522 1121 1122 397
146 328
604 605 634 635
1123 1124
622 623 889 890
1125 1126 968 969
360 52
1127 1128
1129 1130
891 892 90 91
64 65 218 822 823
56
226 1131 1132
170 1133
657 658 659
6 1134 568 1135 1136
548 549
1137 1138
18 19 20 21 251 252 253
177 390 391
1139 1140
1141 1142
1143 1144
469 470 473 474 494 108 821
1088
1145 1146
51 262 263
186 291 551 552 920 921
90 91 97 98
18 19 20 21 33 34 35
18 19 21 29 33 34 30 200
18 19 21 33 34 30
18 19 21 33 34 200
416 63 82 135 136
18 19 21 33 34 719
276 18 19 20 277 21 280 245 423 232 424 425 717 230 231 254
276 18 19 20 277 21 280 245 423 232 424 425 230 231 251 252 253 254
276 18 19 20 277 21 280 423 232 424 425 230 231
18 19 21 33 34 333
439 440 797 798 1147 1148
524 525 3 4 5 6 152 153 12 13 14 15
18 19 21 32
18 19 21 33 34 1149
18 19 21 33 34 306
724 365 366 182 183
195 196 197
358 1150
247 763 1151 1152 1153 577 1154 1155
18 19 20 21 1071 1072
94 999 1000 1001 1002
1156 1157 1158 1159 1160
48 127 128 759 760
18 19 20 21 37 1161
186 291 203 204 205
90 91 3 4 5 6 95 96 12 13 14 15 97 98
18 21 33 34 719
18 19 21 33 34 318
477 478 302 303
66 67 70 159 160
505
284 285
51 134 47 138 139
1047 1048 1049
90 91 92 93 94 95 96 118 119 120 121 122 97 98
125 126 129 130 131
